city_latitude,city_longitude,date,time
38.9345,-84.5481,2017-02-15,02:00:00
34.7335,-79.314,2017-06-12,21:00:00
45.510005224458205,-122.66458212074302,2017-06-17,21:37:00
28.00877654729869,-82.4813833471331,2017-06-21,21:00:00
40.3583,-74.0382,2017-07-18,23:30:00
42.49202433460076,-83.01486121673004,2017-08-19,18:00:00
45.7562,-91.9577,2017-10-01,22:00:00
42.4244,-123.0854,2017-12-14,18:00:00
47.60567891170866,-122.33084005928434,2017-02-15,19:30:00
37.76960492572322,-122.42365559030492,2017-10-02,17:00:00
35.9541,-80.758,2017-11-24,08:26:00
39.9693085106383,-76.71046356382979,2017-04-10,00:10:00
37.5995,-83.7179,2017-06-16,21:00:00
33.3311,-89.7571,2017-09-02,23:00:00
42.9208,-108.5913,2017-11-25,00:00:00
46.59516351809955,-120.56786843891403,2017-12-25,23:45:00
43.60549990147784,-116.2386509359606,2017-06-03,21:00:00
34.819746341463414,-111.75609268292683,2017-07-01,14:30:00
32.354139318885444,-106.7495773993808,2017-08-04,07:48:00
39.05,-122.9317,2017-09-27,05:00:00
37.30222429467085,-120.48500250783698,2017-03-01,00:00:00
37.493420843091336,-77.4178131147541,2017-01-10,22:17:00
44.9322,-74.8845,2017-02-18,16:00:00
44.6239,-103.3745,2017-06-01,23:00:00
33.52016370967742,-104.44226854838708,2017-06-30,14:00:00
33.8341,-78.6586,2017-08-21,00:00:00
33.8341,-78.6586,2017-08-23,22:00:00
39.5985,-82.9259,2017-10-19,21:00:00
39.9072,-82.7553,2017-03-15,21:00:00
34.9701,-92.8436,2017-12-05,03:30:00
34.18061246056782,-79.75626388012618,2017-03-15,16:30:00
43.60549990147784,-116.2386509359606,2017-04-15,21:00:00
41.520533668341706,-88.08183015075377,2017-08-01,14:00:00
43.3211,-76.4034,2017-02-02,16:00:00
35.2188,-82.2396,2017-06-30,21:00:00
43.2398,-78.2068,2017-07-23,20:30:00
42.9097,-76.7934,2017-06-23,21:53:00
34.09239241192412,-117.88697696476964,2017-03-26,12:30:00
35.3662,-83.5639,2017-04-15,01:00:00
29.1383375,-81.00767499999999,2017-12-31,23:00:00
36.14597551358516,-115.18457488402916,2017-01-07,19:30:00
28.92384368932039,-82.3874077669903,2017-01-25,22:45:00
27.459938979370254,-82.52817245747376,2017-04-25,20:40:00
43.745,-70.9092,2017-04-25,21:00:00
34.3789,-80.0831,2017-04-20,22:35:00
39.03880728476821,-95.69556456953642,2017-05-29,16:45:00
39.04649342105263,-77.0290407894737,2017-06-04,18:30:00
36.87154181034483,-76.27074676724138,2017-06-06,19:00:00
34.91846162079511,-82.24726009174313,2017-02-01,11:30:00
34.91846162079511,-82.24726009174313,2017-02-15,23:30:00
30.9684,-87.3176,2017-03-17,00:30:00
42.3131,-93.6381,2017-05-08,00:00:00
32.74023188229325,-97.33552857432775,2017-05-25,04:30:00
30.370000000000005,-97.9437,2017-06-01,18:00:00
42.31044651162791,-83.46486744186046,2017-06-06,04:20:00
33.50378574057038,-112.077080174793,2017-06-07,08:20:00
40.6884675,-111.53126,2017-06-09,14:30:00
38.3876,-107.4824,2017-06-09,21:45:00
41.7124,-87.7478,2017-06-10,18:00:00
38.783,-90.6351,2017-06-10,21:00:00
40.75256378421113,-73.9844567179912,2017-06-11,11:00:00
39.75555936,-75.57559616,2017-06-11,14:30:00
39.7897,-75.0355,2017-06-11,19:00:00
43.0561,-83.3374,2017-06-12,21:50:00
38.7403,-76.6389,2017-06-13,23:40:00
42.5334,-70.9653,2017-06-13,00:00:00
37.6488,-104.7757,2017-06-14,00:30:00
28.51220019430052,-81.37852415803108,2017-06-15,07:35:00
33.50378574057038,-112.077080174793,2017-06-15,15:35:00
36.33741606022585,-119.29513381430364,2017-06-15,16:30:00
32.63566911764706,-117.02580294117648,2017-06-15,17:15:00
44.7617,-96.6859,2017-06-15,19:00:00
38.62698880773583,-90.30702881390803,2017-06-15,21:10:00
35.0313,-112.5441,2017-06-15,21:55:00
39.578431478770135,-105.02727086383602,2017-06-16,00:00:00
39.3801,-101.0434,2017-06-16,00:05:00
43.2027,-71.0377,2017-06-16,00:15:00
32.7003,-97.6086,2017-06-16,05:00:00
41.42515737704918,-87.35668524590163,2017-06-16,09:28:00
32.83618741746148,-117.16250519075568,2017-06-16,11:45:00
41.181975,-96.076775,2017-06-16,20:35:00
39.0045,-77.3062,2017-06-16,21:00:00
33.40788678459938,-111.75088054110302,2017-06-16,21:00:00
37.9451,-77.4714,2017-06-16,21:45:00
38.260421301775146,-122.0728195266272,2017-06-16,23:00:00
39.5985,-82.9259,2017-06-16,23:30:00
45.51989340659341,-122.96465384615384,2017-06-17,12:45:00
32.83618741746148,-117.16250519075568,2017-06-17,16:00:00
40.3913,-74.3247,2017-06-17,17:10:00
44.92714346764346,-93.11580262515264,2017-06-17,18:00:00
41.3179,-81.3471,2017-06-17,19:40:00
26.016173684210525,-80.33297631578948,2017-06-17,20:00:00
28.10435079034941,-80.66275278702163,2017-06-17,20:25:00
40.8124,-82.9675,2017-06-17,21:45:00
40.4072,-77.045,2017-06-17,22:18:00
44.05453839285714,-121.32883875,2017-06-17,22:25:00
38.783,-90.6351,2017-06-17,22:30:00
36.60019626865672,-79.41904179104479,2017-06-17,23:30:00
40.19998359375,-85.4014921875,2017-06-18,19:00:00
36.9135,-80.0376,2017-06-18,19:00:00
28.51220019430052,-81.37852415803108,2017-06-18,22:30:00
48.5574,-109.6904,2017-06-19,00:10:00
43.43337093570308,-83.9834081547308,2017-06-19,03:45:00
42.2256,-83.3959,2017-06-19,04:38:00
41.2531,-81.3391,2017-06-19,12:40:00
35.2216,-77.64144285714285,2017-06-19,21:30:00
45.658570363636365,-122.59014654545454,2017-06-19,22:18:00
47.22041124620061,-122.45925030395138,2017-06-19,22:45:00
38.92300910652921,-94.35758573883162,2017-06-19,23:00:00
36.115370469798656,-97.06083758389262,2017-06-20,00:30:00
48.6364,-118.0548,2017-06-20,02:30:00
32.1539,-81.1534,2017-06-20,05:05:00
39.74019963011889,-104.97711054161162,2017-06-20,21:00:00
39.1264,-83.0049,2017-06-20,22:00:00
37.1595,-92.2806,2017-06-21,00:25:00
40.7963,-73.0665,2017-06-21,01:00:00
39.07657828282829,-94.40636717171716,2017-06-21,03:00:00
35.80098930481284,-84.25251497326202,2017-06-21,04:00:00
34.1049,-117.8132,2017-06-21,04:05:00
47.60567891170866,-122.33084005928434,2017-06-21,21:43:00
32.83618741746148,-117.16250519075568,2017-06-21,22:15:00
42.6028,-71.2319,2017-05-01,05:00:00
33.86895981220657,-117.54791830985916,2017-05-27,20:00:00
35.21601992031872,-97.43898087649404,2017-05-31,04:00:00
41.2535,-87.8474,2017-06-07,15:00:00
47.82752692307692,-122.27472403846151,2017-06-07,19:00:00
39.31630966292135,-76.6205929588015,2017-06-08,04:00:00
47.59320484848485,-122.66208787878789,2017-06-08,23:00:00
42.2523,-83.2107,2017-06-09,00:30:00
40.3348,-79.3307,2017-06-09,03:55:00
31.746,-99.9613,2017-06-09,05:00:00
42.3667,-88.0925,2017-06-09,14:00:00
44.94494771241831,-123.01479150326796,2017-06-09,16:36:00
33.834235557331205,-117.88519912105474,2017-06-09,17:29:00
35.4393,-89.7804,2017-06-09,21:50:00
40.0222423857868,-105.25553350253809,2017-06-09,22:00:00
38.199000000000005,-83.4436,2017-06-09,22:00:00
44.82250677466863,-91.50724364261168,2017-06-09,22:20:00
37.6749127388535,-121.88320063694268,2017-06-09,22:30:00
35.5092,-83.3157,2017-06-09,22:30:00
39.0788,-84.7024,2017-06-09,22:35:00
39.07657828282829,-94.40636717171716,2017-06-10,03:00:00
39.8545,-75.3773,2017-06-10,03:15:00
37.4775,-122.4505,2017-06-10,04:20:00
40.57570363196125,-122.36129370460048,2017-06-10,05:00:00
33.80492083870968,-118.17501277419356,2017-06-10,07:34:00
40.4538,-122.3282,2017-06-10,10:15:00
42.35257575982209,-71.06388932542625,2017-06-10,15:50:00
37.9636,-78.2535,2017-06-10,20:32:00
41.55555714285715,-72.66324285714286,2017-06-10,20:45:00
38.794262913096695,-77.09885924112608,2017-06-10,20:50:00
40.33677461139896,-75.94604067357513,2017-06-10,21:50:00
46.59516351809955,-120.56786843891403,2017-06-10,22:00:00
39.5084,-85.79,2017-06-10,22:09:00
43.0189,-71.5693,2017-06-10,23:00:00
39.8218,-82.0793,2017-06-10,23:00:00
37.7533,-100.02299999999998,2017-06-11,04:00:00
36.81995421052631,-76.08601184210526,2017-06-11,10:40:00
43.0561,-83.3374,2017-06-11,11:15:00
30.29747071057192,-81.63802726747545,2017-06-11,13:30:00
39.75555936,-75.57559616,2017-06-11,14:30:00
39.94565205479452,-74.90498835616438,2017-06-11,19:35:00
40.2995,-76.5868,2017-06-11,21:25:00
40.80917978723405,-81.50616170212766,2017-06-11,22:00:00
33.8874,-111.9508,2017-06-11,22:30:00
36.2465,-83.5114,2017-06-11,22:44:00
39.580533333333335,-77.00096666666667,2017-06-11,22:45:00
36.2465,-83.5114,2017-06-11,22:56:00
37.71152364864865,-122.14825945945944,2017-06-11,23:00:00
39.31630966292135,-76.6205929588015,2017-06-11,00:00:00
44.91154146341464,-93.48784390243902,2017-06-12,12:00:00
41.1225,-75.5548,2017-06-12,20:45:00
40.1776,-79.8678,2017-06-12,21:00:00
32.69847852049911,-114.58248636363636,2017-06-12,21:30:00
33.40469829545455,-112.54259147727272,2017-06-12,21:50:00
39.1592,-123.1963,2017-06-12,22:10:00
37.19130910746812,-93.28695318761385,2017-06-12,22:30:00
37.8065,-85.4592,2017-06-13,10:52:00
33.56408478260869,-117.22086956521738,2017-06-13,21:00:00
33.4485,-82.2011,2017-06-13,21:19:00
38.87714691753403,-104.76823722978384,2017-06-13,22:30:00
34.04364759232729,-118.29956048233046,2017-06-14,00:15:00
37.7676,-92.2105,2017-06-14,02:00:00
35.98736391221891,-78.88665757247358,2017-06-14,11:00:00
34.873125531914894,-88.59065106382978,2017-06-14,20:45:00
38.62698880773583,-90.30702881390803,2017-06-14,21:46:00
30.57007252559727,-97.8675447098976,2017-06-14,23:00:00
39.74019963011889,-104.97711054161162,2017-06-15,10:03:00
30.01152702702703,-91.79892432432432,2017-04-07,05:50:00
39.82978871794872,-105.1123794871795,2017-05-03,02:04:00
43.8437,-87.9782,2017-05-04,23:07:00
39.3610157480315,-74.42512440944881,2017-05-10,08:00:00
34.1503,-88.0111,2017-05-16,09:50:00
34.3103,-116.5241,2017-05-21,21:45:00
34.3103,-116.5241,2017-05-21,22:00:00
34.3103,-116.5241,2017-05-21,22:30:00
34.3103,-116.5241,2017-05-21,22:30:00
32.9535,-103.3528,2017-05-22,17:30:00
43.2138,-77.4575,2017-05-23,20:50:00
36.14597551358516,-115.18457488402916,2017-05-30,22:20:00
30.3574,-89.1649,2017-05-31,23:30:00
34.47572118226601,-114.25899408866997,2017-06-02,21:15:00
33.71258733572282,-78.93877275985663,2017-06-02,21:20:00
41.8993,-84.0402,2017-06-02,22:00:00
39.08346391304348,-108.5480495652174,2017-06-02,22:30:00
41.0158,-80.8041,2017-06-02,22:45:00
41.6531,-112.1101,2017-06-03,00:30:00
37.3017,-80.7256,2017-06-03,01:00:00
38.334,-89.3889,2017-06-03,03:55:00
42.55319714285714,-83.76278057142856,2017-06-03,08:30:00
42.701780916030536,-89.04138835877863,2017-06-03,12:30:00
33.87969917269907,-117.91884415718718,2017-06-03,17:02:00
36.14108444607484,-86.78634372707263,2017-06-03,22:55:00
41.2601,-76.9069,2017-06-03,23:10:00
45.3134,-93.5809,2017-06-03,23:20:00
40.6105,-85.9497,2017-06-03,23:30:00
31.988299999999995,-110.2941,2017-06-03,23:30:00
35.98736391221891,-78.88665757247358,2017-06-03,23:30:00
42.3163,-95.0489,2017-06-04,00:30:00
41.249867838765006,-96.03637804459692,2017-06-04,01:43:00
46.2433,-114.1678,2017-06-04,02:50:00
40.757,-73.7283,2017-06-04,08:30:00
26.130387506148548,-80.22363615346778,2017-02-10,20:18:00
43.568753114754095,-116.56108262295082,2017-02-24,22:15:00
35.20391464346695,-80.83452070900073,2017-03-14,23:00:00
33.397444536082475,-111.92468515463918,2017-03-16,20:15:00
34.3628,-117.6249,2017-03-29,14:29:00
29.655391353996738,-82.3572735725938,2017-04-01,12:40:00
33.64158709677419,-117.69230322580646,2017-04-22,20:08:00
19.5277,-155.9339,2017-04-29,03:00:00
33.3123,-83.3644,2017-04-30,21:00:00
35.21601992031872,-97.43898087649404,2017-05-03,01:00:00
35.0776,-106.1872,2017-05-04,22:00:00
33.397444536082475,-111.92468515463918,2017-05-10,21:00:00
32.250178747846064,-110.93932423894314,2017-05-13,03:45:00
39.225125,-103.7222,2017-05-13,13:43:00
41.242889473684215,-77.0082,2017-05-14,00:10:00
33.52774206349206,-83.85899444444445,2017-05-14,13:30:00
41.2929,-72.526,2017-05-14,21:43:00
42.2478,-73.754,2017-05-15,02:30:00
38.6717,-87.5128,2017-05-15,04:00:00
40.3916,-84.3835,2017-05-15,09:15:00
36.25087602996255,-115.14993632958802,2017-05-15,14:16:00
37.24496252766711,-121.81799366976536,2017-05-15,20:45:00
33.8341,-78.6586,2017-05-15,22:00:00
33.71258733572282,-78.93877275985663,2017-05-15,22:00:00
33.71258733572282,-78.93877275985663,2017-05-15,22:00:00
42.10161712962963,-72.57129768518519,2017-05-15,22:00:00
40.444534542102026,-79.97341339889367,2017-05-15,22:30:00
33.71258733572282,-78.93877275985663,2017-05-15,22:30:00
47.9669,-116.8692,2017-06-04,20:21:00
41.57649,-93.7796525,2017-06-04,22:00:00
33.8874,-111.9508,2017-06-05,00:00:00
36.14597551358516,-115.18457488402916,2017-06-05,16:45:00
32.250178747846064,-110.93932423894314,2017-06-05,20:00:00
42.23545128205128,-88.3353358974359,2017-06-05,21:29:00
36.81995421052631,-76.08601184210526,2017-06-06,00:45:00
42.8345,-71.094,2017-06-06,15:37:00
47.60567891170866,-122.33084005928434,2017-06-06,18:30:00
39.488261177007296,-119.79257039233578,2017-06-06,19:00:00
39.488261177007296,-119.79257039233578,2017-06-06,19:30:00
33.2392,-116.3502,2017-06-06,20:15:00
39.2348,-120.0278,2017-06-06,20:15:00
39.488261177007296,-119.79257039233578,2017-06-06,22:00:00
38.982329365079366,-76.50591071428572,2017-06-06,22:00:00
47.60567891170866,-122.33084005928434,2017-06-06,22:30:00
46.87764227005871,-114.02785929549904,2017-06-06,22:30:00
39.3202,-84.552,2017-06-06,23:45:00
40.8681,-73.4094,2017-06-07,13:30:00
39.495717582417576,-104.80772490842492,2017-06-07,16:45:00
29.782476507000737,-95.44062368459838,2017-06-07,21:15:00
40.6737,-73.5336,2017-06-07,22:48:00
40.4836,-81.4387,2017-06-07,23:01:00
35.2845,-81.2864,2017-06-08,09:28:00
44.826,-74.5248,2017-06-08,12:00:00
42.5649,-89.0843,2017-06-08,21:00:00
36.84498613138686,-76.35689416058393,2017-06-08,21:00:00
35.0313,-112.5441,2017-06-08,21:45:00
42.27190397830018,-85.6159284358047,2017-06-08,21:50:00
34.62442193548387,-112.31221161290324,2017-06-08,22:00:00
33.96426005089059,-84.5161530534351,2017-06-08,22:00:00
41.1408,-77.444,2017-06-08,22:03:00
40.73308587896254,-89.61535936599424,2017-06-08,23:41:00
40.5219,-80.5867,2017-06-09,01:30:00
33.8341,-78.6586,2017-05-15,23:00:00
47.4491,-122.2979,2017-05-16,00:04:00
38.75928433048433,-121.30195356125355,2017-05-16,02:00:00
35.66018689189189,-80.50723675675675,2017-05-16,22:40:00
61.17820611028316,-149.86274426229508,2017-05-16,03:00:00
44.6483,-73.1317,2017-05-17,10:55:00
40.7424,-74.0325,2017-05-17,13:24:00
39.3921,-76.4106,2017-05-17,15:15:00
34.22778777225831,-77.88318009170806,2017-05-17,19:00:00
41.5782,-73.415,2017-05-17,21:00:00
32.250178747846064,-110.93932423894314,2017-05-17,21:30:00
38.81190877192982,-89.96253859649123,2017-05-17,22:00:00
36.3023507936508,-95.60088888888887,2017-05-18,00:00:00
42.040651612903225,-87.88632903225806,2017-05-18,00:00:00
39.75555936,-75.57559616,2017-05-18,06:00:00
47.6635,-117.216075,2017-05-18,12:21:00
38.95170037878788,-76.76210984848485,2017-05-18,15:15:00
32.88464125,-80.030869375,2017-05-18,15:25:00
38.442850156739816,-122.71911818181816,2017-05-18,20:45:00
36.05589090909091,-90.5195909090909,2017-05-18,20:50:00
37.24496252766711,-121.81799366976536,2017-05-18,20:55:00
33.85519637883008,-79.07296100278552,2017-05-18,21:00:00
33.545883876221495,-101.89760162866448,2017-05-18,21:00:00
40.3913,-74.3247,2017-05-18,21:18:00
45.51989340659341,-122.96465384615384,2017-05-19,10:36:00
47.92492896341463,-122.2173375,2017-05-19,17:00:00
47.1988,-119.8426,2017-05-19,17:49:00
41.2212696969697,-75.82942181818183,2017-05-19,21:17:00
41.4724,-74.0566,2017-05-19,21:20:00
39.99040941529236,-75.15250992503748,2017-05-20,10:39:00
35.64812086956521,-105.9435104347826,2017-05-20,12:00:00
34.14722788844622,-117.30732642762284,2017-05-20,12:15:00
34.42686470588235,-119.86188823529412,2017-05-20,13:40:00
33.80492083870968,-118.17501277419356,2017-05-20,19:00:00
35.476344,-108.761014,2017-05-20,21:00:00
33.2874,-111.0924,2017-05-19,10:49:00
32.354139318885444,-106.7495773993808,2017-05-20,21:00:00
37.64983777777778,-77.33179333333334,2017-05-20,21:02:00
37.9577,-122.0757,2017-05-20,22:00:00
39.1126,-95.8589,2017-05-20,22:30:00
47.0773,-122.3921,2017-05-21,00:00:00
36.291,-82.5001,2017-05-21,13:00:00
33.80492083870968,-118.17501277419356,2017-05-21,13:00:00
45.658570363636365,-122.59014654545454,2017-05-21,19:44:00
38.576237102734666,-121.44233422025128,2017-05-21,21:41:00
34.3103,-116.5241,2017-05-21,22:00:00
34.6511,-106.6952,2017-05-21,22:00:00
40.2938,-83.0744,2017-05-21,23:02:00
41.3071,-88.1518,2017-05-21,23:48:00
36.96283116490167,-120.05225037821484,2017-05-22,00:08:00
44.90901635514019,-123.98888107476635,2017-05-22,04:00:00
36.8632,-89.02310000000001,2017-05-22,04:00:00
47.1777625,-122.2072625,2017-05-22,04:10:00
37.70526805555556,-122.07086527777778,2017-05-22,11:30:00
46.0112,-122.8166,2017-05-22,22:45:00
39.7643074829932,-105.22442108843538,2017-05-22,23:18:00
40.8446,-111.9191,2017-05-23,04:45:00
33.403830769230765,-110.78763846153846,2017-05-23,19:30:00
38.4175824074074,-121.4084799382716,2017-05-23,22:00:00
33.86201618257262,-118.37128921161826,2017-05-24,00:30:00
48.1225,-119.7692,2017-05-24,01:03:00
34.08419055944056,-117.44930734265732,2017-05-24,01:30:00
30.69934719101123,-96.3552468164794,2017-05-24,07:12:00
34.19440615384615,-92.03102923076922,2017-05-24,21:00:00
40.804074301940375,-96.66960586843352,2017-05-24,22:30:00
40.55766183035714,-105.06998772321428,2017-05-24,22:30:00
45.510005224458205,-122.66458212074302,2017-05-25,02:00:00
39.93348709677419,-75.10464301075268,2017-05-25,18:00:00
29.52094017857143,-95.19246517857142,2017-05-25,19:15:00
29.169400000000003,-98.1857,2017-05-25,22:30:00
43.613,-111.12359999999998,2017-05-25,22:30:00
44.7818,-93.5165,2017-05-25,22:33:00
40.70897189097104,-111.8891066439523,2017-05-26,03:00:00
33.44652650602409,-117.62985903614458,2017-05-26,23:00:00
41.61208764044944,-87.85971460674158,2017-05-27,00:35:00
29.49234812109108,-98.5189290376833,2017-05-27,02:00:00
39.2023,-74.9741,2017-05-27,02:45:00
27.06866814814815,-82.36798296296297,2017-05-27,03:35:00
42.9094,-82.4716,2017-05-27,09:00:00
47.60567891170866,-122.33084005928434,2017-05-27,10:30:00
41.6267,-87.603,2017-05-27,12:00:00
42.0249,-71.0951,2017-05-27,14:00:00
31.53293548387097,-110.26349569892471,2017-05-27,20:00:00
30.103571004566213,-95.47392317351596,2017-05-27,21:00:00
37.79847503136762,-122.2316391468005,2017-05-27,21:04:00
37.79847503136762,-122.2316391468005,2017-05-27,21:04:00
32.83618741746148,-117.16250519075568,2017-05-27,21:15:00
42.9785,-78.626,2017-05-27,22:00:00
42.6152,-83.337,2017-05-27,22:30:00
40.73657485172005,-74.18152158956109,2017-05-27,23:00:00
33.137355102040814,-117.32090960884354,2017-05-28,00:53:00
35.08152434210526,-81.67632894736842,2017-05-28,03:45:00
38.7199,-90.3889,2017-05-28,05:00:00
35.77143263888889,-119.2418097222222,2017-05-28,09:00:00
43.3902,-123.2947,2017-05-28,10:30:00
45.6073,-122.4147,2017-05-28,16:15:00
34.033882,-118.749014,2017-05-28,18:53:00
33.6096,-112.3253,2017-05-28,20:00:00
37.1626,-91.4519,2017-05-28,20:56:00
42.2045,-71.8338,2017-05-28,21:00:00
41.7124,-87.7478,2017-05-28,21:50:00
47.60567891170866,-122.33084005928434,2017-05-28,22:30:00
42.3849,-88.3534,2017-05-28,22:50:00
41.0112,-73.9433,2017-05-29,03:30:00
41.2406,-89.9325,2017-05-29,05:15:00
41.91214,-83.4667,2017-05-29,16:00:00
38.87714691753403,-104.76823722978384,2017-05-29,20:45:00
34.1138,-83.9991,2017-05-29,21:00:00
33.50378574057038,-112.077080174793,2017-05-29,21:00:00
42.90550146611642,-78.85560749348393,2017-05-29,23:00:00
36.9476,-91.5008,2017-05-30,01:45:00
43.0781,-77.3371,2017-05-30,04:25:00
33.94545446076675,-117.40941580078824,2017-05-30,12:20:00
33.67704025974026,-85.79742987012987,2017-05-30,21:15:00
32.9316,-112.7506,2017-05-30,21:15:00
40.24590534979424,-111.65786131687244,2017-05-30,23:25:00
38.576237102734666,-121.44233422025128,2017-05-31,00:00:00
46.371464,-96.725272,2017-05-31,01:14:00
45.3398,-93.245,2017-05-31,04:45:00
36.14597551358516,-115.18457488402916,2017-05-31,05:00:00
38.87714691753403,-104.76823722978384,2017-05-31,10:00:00
45.0782,-93.1894,2017-05-31,10:45:00
42.6482,-73.8747,2017-05-31,18:52:00
44.3331,-93.9845,2017-05-31,21:20:00
34.3309,-89.4837,2017-05-31,22:00:00
41.1404,-75.9364,2017-06-01,03:35:00
39.99382762603116,-82.98248417965169,2017-06-01,13:18:00
39.56405555555556,-76.06547777777777,2017-06-01,19:35:00
30.29747071057192,-81.63802726747545,2017-06-01,20:00:00
42.7145,-70.9148,2017-06-01,21:25:00
40.53300456621004,-74.39330353881277,2017-06-02,04:10:00
38.0405,-84.7293,2017-06-02,05:26:00
37.28017795527157,-79.95790830670927,2017-06-02,15:10:00
41.0685,-76.0835,2017-02-24,21:00:00
27.95640265017668,-82.75047590106007,2017-05-08,05:30:00
47.4564,-118.2729,2017-05-09,03:45:00
32.433858383233535,-99.74243323353294,2017-05-10,00:00:00
34.056910367892975,-117.8993397993311,2017-05-09,22:45:00
29.926105847953217,-95.66756111111113,2017-05-10,05:15:00
34.1499,-116.31199999999998,2017-05-10,23:30:00
40.24590534979424,-111.65786131687244,2017-05-11,09:00:00
32.89560172413793,-105.94822241379308,2017-05-11,21:00:00
33.3956967032967,-111.53908791208792,2017-05-11,22:00:00
45.4555,-93.5844,2017-05-11,22:30:00
36.39562427184467,-97.89881067961166,2017-05-12,00:40:00
36.689218113207545,-121.64708943396226,2017-05-12,05:05:00
39.74019963011889,-104.97711054161162,2017-05-12,18:00:00
33.63064,-112.38053476190476,2017-05-12,20:05:00
33.40788678459938,-111.75088054110302,2017-05-12,20:30:00
28.90405620437956,-81.23807445255476,2017-05-12,21:00:00
46.731616836734695,-117.17457551020408,2017-05-12,22:45:00
35.81868,-80.89374465408804,2017-05-12,23:10:00
40.804074301940375,-96.66960586843352,2017-05-13,02:30:00
39.02527009516837,-94.70468620058566,2017-05-13,04:20:00
37.93239292929293,-122.3356,2017-05-13,04:30:00
26.607363356973995,-80.1262378250591,2017-05-13,04:59:00
35.3158046875,-89.90344999999999,2017-05-13,10:30:00
29.79057163636364,-95.78978218181815,2017-05-13,11:30:00
39.80464175369887,-86.13773687989556,2017-02-03,00:00:00
40.9213,-74.2942,2017-04-12,04:00:00
41.6921,-71.8034,2017-04-22,11:00:00
35.117007033898304,-106.62212966101694,2017-04-27,05:20:00
36.14108444607484,-86.78634372707263,2017-04-30,03:33:00
36.14597551358516,-115.18457488402916,2017-05-02,05:00:00
33.63064,-112.38053476190476,2017-05-05,04:30:00
33.86895981220657,-117.54791830985916,2017-05-05,20:00:00
37.76960492572322,-122.42365559030492,2017-05-06,05:00:00
33.50378574057038,-112.077080174793,2017-05-06,20:45:00
40.3913,-74.3247,2017-05-06,20:58:00
41.6047,-72.8813,2017-05-06,21:00:00
47.4155675,-92.9316175,2017-05-06,21:13:00
32.3814945054945,-96.8433956043956,2017-05-06,21:15:00
44.98605519614591,-93.30217136958018,2017-05-06,21:41:00
27.28487070938215,-80.36743913043478,2017-05-07,00:40:00
39.477714285714285,-74.99201428571428,2017-05-07,01:20:00
32.250178747846064,-110.93932423894314,2017-05-07,02:50:00
39.31630966292135,-76.6205929588015,2017-05-07,04:56:00
43.058,-85.69,2017-05-07,05:15:00
40.6806,-86.2814,2017-05-07,13:00:00
38.8534,-76.8893,2017-05-07,19:00:00
33.8529,-86.8198,2017-05-07,19:30:00
26.707690625,-80.04079374999999,2017-05-13,14:00:00
39.4844,-106.0192,2017-05-13,19:00:00
38.8148,-82.229,2017-05-13,20:40:00
43.3211,-76.4034,2017-05-13,21:05:00
48.754420967741936,-122.45834543010751,2017-05-13,22:49:00
39.6438,-84.1743,2017-05-13,23:00:00
40.3803,-104.6953,2017-05-14,03:05:00
34.04364759232729,-118.29956048233046,2017-05-14,03:58:00
32.250178747846064,-110.93932423894314,2017-05-14,04:00:00
29.49234812109108,-98.5189290376833,2017-05-14,05:30:00
41.88082154885885,-87.66846953246178,2017-05-14,08:23:00
39.2891,-81.5984,2017-05-14,15:30:00
36.87154181034483,-76.27074676724138,2017-05-14,16:00:00
41.66789226973684,-83.6023917763158,2017-05-14,16:30:00
27.78995160032827,-82.68007476405417,2017-05-14,21:30:00
41.2929,-72.526,2017-05-14,22:00:00
42.040651612903225,-87.88632903225806,2017-05-14,22:20:00
42.72347418699187,-84.56939756097562,2017-05-14,22:25:00
41.600167631851086,-93.61721323681488,2017-05-14,23:00:00
29.926105847953217,-95.66756111111113,2017-05-15,00:00:00
33.80492083870968,-118.17501277419356,2017-05-15,01:20:00
29.90378012618296,-81.38834889589906,2017-05-15,05:50:00
36.21256338983051,-85.53359502824858,2017-05-15,09:35:00
40.3305,-84.3758,2017-05-15,11:30:00
41.7124,-87.7478,2017-05-15,18:40:00
40.55766183035714,-105.06998772321428,2017-05-15,21:43:00
42.9388,-71.1837,2017-05-15,22:00:00
33.71258733572282,-78.93877275985663,2017-05-15,22:03:00
33.546200000000006,-79.0428,2017-05-15,22:30:00
40.3434125,-76.4159375,2017-05-15,23:00:00
32.36717002444988,-86.20514249388752,2017-05-07,20:00:00
26.199315176470588,-81.71960788235295,2017-05-07,20:03:00
33.96426005089059,-84.5161530534351,2017-05-07,21:00:00
34.04364759232729,-118.29956048233046,2017-05-07,21:08:00
33.0032,-96.54340000000002,2017-05-08,00:30:00
42.4077,-74.0201,2017-05-08,05:00:00
35.98736391221891,-78.88665757247358,2017-05-08,10:30:00
33.82100507315219,-84.42299163974918,2017-05-08,16:30:00
33.82100507315219,-84.42299163974918,2017-05-08,20:00:00
26.631337131630648,-81.98813163064834,2017-05-08,20:04:00
42.41680568181818,-83.48729659090908,2017-05-08,22:15:00
43.6124,-84.111,2017-05-08,22:30:00
32.56439285714286,-85.48056587301586,2017-05-09,03:30:00
45.1184,-93.34610000000002,2017-05-09,17:45:00
26.631337131630648,-81.98813163064834,2017-05-09,20:05:00
26.631337131630648,-81.98813163064834,2017-05-09,20:05:00
26.631337131630648,-81.98813163064834,2017-05-09,20:05:00
41.3148,-72.6994,2017-05-09,22:00:00
31.2912,-82.2654,2017-05-09,23:00:00
39.6214,-82.7598,2017-05-09,23:30:00
35.11963024462565,-89.9387742772424,2017-05-10,01:00:00
28.00877654729869,-82.4813833471331,2017-05-10,05:35:00
40.81396480496454,-81.38704742907801,2017-05-10,10:00:00
39.99040941529236,-75.15250992503748,2017-05-10,21:45:00
38.05596818950931,-78.4944820642978,2017-05-10,22:00:00
47.92492896341463,-122.2173375,2017-05-10,22:00:00
39.74019963011889,-104.97711054161162,2017-05-11,04:23:00
43.52851947483589,-96.73377899343544,2017-05-11,14:00:00
33.481415080191624,-86.79047456779837,2017-01-09,03:12:00
47.29785454545455,-122.18462227272724,2017-01-29,03:30:00
42.952540919904834,-85.64894758128469,2017-02-27,00:30:00
45.510005224458205,-122.66458212074302,2017-04-03,00:30:00
31.9691,-86.2825,2017-04-05,20:00:00
31.557698134328355,-84.18815783582089,2017-04-08,09:51:00
35.5631,-82.919,2017-04-09,22:30:00
33.96784209078404,-84.02268390646492,2017-04-15,20:00:00
45.8244,-109.9619,2017-04-16,22:30:00
38.9479829105474,-92.33776742323096,2017-04-20,19:55:00
38.9479829105474,-92.33776742323096,2017-04-20,20:07:00
27.90595,-82.28720875486381,2017-04-21,22:23:00
26.631337131630648,-81.98813163064834,2017-04-26,02:00:00
36.111605596107054,-95.93798929440388,2017-04-27,11:00:00
43.42631496149615,-88.18977546754675,2017-04-27,22:00:00
43.7308,-116.281,2017-04-28,01:00:00
38.8224,-76.9466,2017-04-28,01:00:00
39.1465562992126,-77.27231023622046,2017-04-28,05:45:00
40.48819007633588,-74.45440305343512,2017-04-28,10:30:00
41.93544565217392,-87.86908260869565,2017-04-28,20:18:00
47.035427578475336,-122.89460784753363,2017-04-28,21:00:00
41.1713,-87.2491,2017-04-28,22:00:00
44.8439,-87.3734,2017-04-29,00:00:00
44.9007,-93.5773,2017-04-29,11:30:00
33.67704025974026,-85.79742987012987,2017-04-29,15:00:00
40.5407,-74.314,2017-04-29,19:05:00
26.2832,-80.1798,2017-04-29,20:10:00
41.5226,-70.6662,2017-04-29,20:30:00
36.14597551358516,-115.18457488402916,2017-04-29,20:53:00
39.917123333333336,-77.64644333333334,2017-04-29,21:00:00
38.576237102734666,-121.44233422025128,2017-04-29,21:30:00
42.29504748574391,-122.89079289787456,2017-04-29,22:00:00
44.84928011049723,-93.44251767955802,2017-04-29,22:00:00
44.88598125,-93.34694375,2017-04-29,22:35:00
41.981,-83.269,2017-04-29,23:00:00
44.98605519614591,-93.30217136958018,2017-04-29,23:20:00
44.84928011049723,-93.44251767955802,2017-04-29,23:40:00
38.804,-90.85339999999998,2017-04-30,01:23:00
42.02150000000001,-71.2188,2017-04-30,01:45:00
30.1713,-97.6152,2017-04-30,05:00:00
47.92492896341463,-122.2173375,2017-04-30,14:00:00
36.5918,-121.9431,2017-04-30,18:00:00
38.53297054263566,-89.99208248062016,2017-04-30,20:30:00
34.30780632339657,-119.29004959349592,2017-04-30,21:00:00
30.103571004566213,-95.47392317351596,2017-04-30,22:00:00
42.29504748574391,-122.89079289787456,2017-03-20,22:10:00
31.449416996047432,-100.46032450592884,2017-03-21,20:03:00
33.40788678459938,-111.75088054110302,2017-03-22,18:00:00
36.14108444607484,-86.78634372707263,2017-03-23,00:00:00
43.2994,-72.4781,2017-04-12,23:00:00
42.8637,-71.5132,2017-04-15,23:58:00
34.04364759232729,-118.29956048233046,2017-04-16,19:12:00
39.070945406824144,-77.14350236220473,2017-04-17,22:18:00
41.7241,-71.2657,2017-04-18,22:00:00
29.7454,-95.2375,2017-04-18,22:00:00
35.1656,-84.6513,2017-04-19,11:00:00
39.854,-75.7044,2017-04-20,00:10:00
47.425,-122.4586,2017-04-20,10:00:00
47.67811627329193,-117.38344844720498,2017-04-20,10:30:00
29.201564271457087,-81.04377804391218,2017-04-20,12:07:00
29.7978,-90.80970000000002,2017-04-20,21:00:00
38.24584210526316,-122.64144649122808,2017-04-20,21:30:00
38.9541,-104.5472,2017-04-30,22:00:00
41.3875,-75.714,2017-05-01,00:00:00
61.4077,-149.4478,2017-05-01,01:50:00
33.87969917269907,-117.91884415718718,2017-05-01,03:23:00
33.87969917269907,-117.91884415718718,2017-05-01,15:30:00
40.2928,-74.7256,2017-05-01,19:00:00
33.587727468785474,-111.8958216799092,2017-05-01,21:13:00
32.417513953488374,-111.21584883720932,2017-05-01,21:15:00
29.597214838709675,-90.72972258064516,2017-05-02,00:13:00
34.201976734897656,-118.59806749875187,2017-05-02,13:15:00
35.117007033898304,-106.62212966101694,2017-05-02,17:10:00
34.01764306930693,-84.62524306930693,2017-05-02,21:00:00
35.117007033898304,-106.62212966101694,2017-05-02,21:50:00
35.117007033898304,-106.62212966101694,2017-05-02,22:15:00
40.75256378421113,-73.9844567179912,2017-05-03,08:00:00
33.50378574057038,-112.077080174793,2017-05-03,08:50:00
43.0191,-89.9151,2017-05-03,11:15:00
40.4038618357488,-105.09342173913043,2017-05-03,15:00:00
45.510005224458205,-122.66458212074302,2017-05-03,21:00:00
38.7989,-83.53169999999999,2017-05-03,23:15:00
32.03694655172414,-81.11708180076629,2017-05-04,00:00:00
33.058,-80.0101,2017-05-04,00:00:00
35.1496,-119.4618,2017-05-04,04:50:00
45.48467525,-122.83428,2017-05-04,15:00:00
33.50378574057038,-112.077080174793,2017-05-04,18:30:00
29.782476507000737,-95.44062368459838,2017-05-04,20:25:00
33.50378574057038,-112.077080174793,2017-05-04,21:27:00
38.97155177664975,-95.24955939086294,2017-05-04,23:00:00
40.8679,-97.5806,2017-05-04,23:34:00
33.6096,-112.3253,2017-05-05,03:00:00
30.3167016280526,-97.75799137271272,2017-05-05,11:30:00
34.1301,-117.2044,2017-01-08,17:30:00
42.50225025125628,-90.69475879396984,2017-02-01,05:05:00
47.4564,-118.2729,2017-02-02,01:35:00
30.1437,-96.6846,2017-02-05,21:48:00
30.4772,-87.69009999999999,2017-02-11,17:20:00
30.7214,-90.4895,2017-02-11,19:09:00
36.9102,-121.75639948542025,2017-02-13,20:00:00
38.4319,-120.5719,2017-02-14,06:20:00
28.930357615894035,-81.98512649006622,2017-02-15,23:15:00
35.3742,-77.4173,2017-02-16,16:30:00
35.3742,-77.4173,2017-02-16,18:30:00
36.08381055958792,-79.83370636853196,2017-01-14,18:55:00
33.44068443396227,-112.39068632075472,2017-02-14,00:00:00
41.7756,-69.983,2017-03-30,01:00:00
38.453,-82.44730000000001,2017-04-05,17:30:00
39.09501080851064,-94.56549749787231,2017-04-06,12:00:00
26.199315176470588,-81.71960788235295,2017-04-07,02:37:00
39.1465562992126,-77.27231023622046,2017-04-07,22:32:00
27.78995160032827,-82.68007476405417,2017-04-08,21:10:00
35.03850676020408,-78.94700994897958,2017-04-11,23:15:00
41.1626,-79.9775,2017-04-12,01:00:00
35.79245151515152,-83.56729015151517,2017-04-12,20:44:00
34.077107643312104,-84.63189617834394,2017-04-12,22:00:00
33.96426005089059,-84.5161530534351,2017-04-12,22:00:00
33.50378574057038,-112.077080174793,2017-04-13,00:00:00
41.600167631851086,-93.61721323681488,2017-04-13,08:30:00
48.0706,-122.17120403225806,2017-04-13,15:15:00
47.61303333333333,-122.03986666666668,2017-04-13,17:00:00
40.8275,-73.1225,2017-04-13,18:20:00
41.92435549450549,-70.64486428571429,2017-04-13,20:30:00
45.1889,-87.1101,2017-04-13,21:30:00
42.1927,-73.3606,2017-04-13,22:00:00
28.52927421686747,-81.76280056224898,2017-04-13,22:30:00
37.6996695505618,-97.3295995505618,2017-04-13,23:23:00
39.0454,-82.6418,2017-04-14,00:45:00
33.67701690929451,-117.78627312430012,2017-04-14,02:10:00
27.95640265017668,-82.75047590106007,2017-04-14,19:45:00
35.117007033898304,-106.62212966101694,2017-04-14,20:28:00
44.0474,-70.3899,2017-04-14,20:41:00
40.8166,-73.4713,2017-04-14,21:00:00
34.033882,-118.749014,2017-04-14,21:50:00
38.442850156739816,-122.71911818181816,2017-04-20,00:00:00
47.035427578475336,-122.89460784753363,2017-04-21,00:00:00
47.60567891170866,-122.33084005928434,2017-04-21,03:09:00
45.51989340659341,-122.96465384615384,2017-04-21,12:11:00
40.0515,-84.9287,2017-04-21,14:45:00
34.381,-118.6164,2017-04-21,21:00:00
40.9465,-124.0834,2017-04-21,21:04:00
44.18071433278419,-88.4759766062603,2017-04-21,21:13:00
34.4125,-79.3805,2017-04-21,22:00:00
41.600167631851086,-93.61721323681488,2017-04-22,20:40:00
35.36754774947328,-119.04930197280216,2017-04-22,21:00:00
33.63064,-112.38053476190476,2017-04-22,21:30:00
34.1108,-81.195,2017-04-22,21:34:00
41.59523383458647,-85.85649473684211,2017-04-22,22:00:00
42.72347418699187,-84.56939756097562,2017-04-22,23:00:00
46.67640000000001,-120.5351,2017-04-22,23:33:00
38.4074718875502,-122.264,2017-04-23,00:50:00
33.481415080191624,-86.79047456779837,2017-04-23,19:00:00
40.24588571428571,-83.3603104477612,2017-04-23,20:15:00
36.14597551358516,-115.18457488402916,2017-04-23,21:15:00
30.1835,-96.2364,2017-04-23,21:30:00
44.89577815126051,-68.71453529411765,2017-04-23,21:30:00
30.3257,-92.4931,2017-04-23,22:20:00
26.57449479326187,-81.84195007656969,2017-04-23,22:50:00
33.67757603375528,-117.98370194092828,2017-04-23,23:25:00
36.56671719298246,-87.39411859649124,2017-04-24,00:00:00
44.82250677466863,-91.50724364261168,2017-04-24,00:00:00
38.50018203753351,-90.46490107238606,2017-04-24,12:00:00
45.0114,-93.1617,2017-04-24,20:45:00
43.18933647058824,-70.88559294117647,2017-04-24,21:00:00
39.4567,-76.9696,2017-04-24,21:55:00
32.82456242621616,-96.79876776409526,2017-04-25,00:00:00
28.51220019430052,-81.37852415803108,2017-04-25,01:47:00
33.96426005089059,-84.5161530534351,2017-04-25,18:30:00
33.86895981220657,-117.54791830985916,2017-02-28,21:37:00
33.86895981220657,-117.54791830985916,2017-03-10,21:45:00
42.8637,-71.5132,2017-03-24,23:15:00
27.35480054347826,-82.50858278985507,2017-03-27,20:30:00
33.94545446076675,-117.40941580078824,2017-04-01,20:18:00
42.4861,-91.4452,2017-04-04,00:00:00
41.88082154885885,-87.66846953246178,2017-04-04,21:20:00
37.08875227272727,-76.49560426136362,2017-04-05,05:10:00
40.14957715133532,-105.03690148367951,2017-02-17,18:45:00
64.85717464788733,-147.76425070422536,2017-02-17,20:07:00
38.8024,-94.45369999999998,2017-02-18,03:00:00
42.8674,-71.3793,2017-02-19,04:12:00
41.88082154885885,-87.66846953246178,2017-02-20,20:11:00
41.6892,-93.0534,2017-02-21,01:00:00
47.2013,-122.5711,2017-02-21,06:15:00
33.683,-112.3518,2017-02-21,11:40:00
38.40215961538461,-122.84436730769232,2017-02-21,19:45:00
33.50378574057038,-112.077080174793,2017-02-21,20:00:00
39.4251,-81.46129999999998,2017-02-21,22:45:00
43.568753114754095,-116.56108262295082,2017-02-21,21:00:00
33.87969917269907,-117.91884415718718,2017-02-22,18:30:00
42.99810835443038,-88.23479848101266,2017-02-22,19:00:00
43.4723,-72.4088,2017-02-22,19:00:00
31.20895159474671,-85.41163339587243,2017-02-22,19:19:00
43.9603,-70.5206,2017-02-22,19:45:00
32.414993396226414,-80.69812783018867,2017-02-22,20:27:00
33.70712326530612,-117.95137469387754,2017-02-22,21:00:00
40.801100000000005,-75.9774,2017-02-22,21:00:00
48.4049,-114.3472,2017-02-22,21:00:00
40.2920032,-76.8462408,2017-02-22,21:09:00
32.56439285714286,-85.48056587301586,2017-02-22,21:50:00
43.04821654894046,-76.1627438950555,2017-02-23,00:00:00
41.3957,-81.8157,2017-02-23,05:45:00
34.077107643312104,-84.63189617834394,2017-02-23,06:00:00
40.1136,-74.9396,2017-02-23,13:00:00
39.4799,-76.2955,2017-02-23,12:00:00
35.117007033898304,-106.62212966101694,2017-02-23,15:10:00
36.56671719298246,-87.39411859649124,2017-02-23,17:30:00
39.99040941529236,-75.15250992503748,2017-02-23,18:43:00
40.33677461139896,-75.94604067357513,2017-02-23,19:30:00
41.8393,-74.0783,2017-02-23,19:50:00
40.69809929328622,-112.00020600706712,2017-02-23,20:30:00
33.8683,-84.7736,2017-02-23,21:00:00
38.0047,-91.5975,2017-04-14,22:00:00
34.498,-86.257,2017-04-14,22:00:00
44.154,-72.0375,2017-04-14,22:05:00
34.914337823834195,-120.4352243523316,2017-04-14,22:20:00
40.761,-86.7557,2017-04-14,22:30:00
45.658570363636365,-122.59014654545454,2017-04-14,22:50:00
33.50378574057038,-112.077080174793,2017-04-14,23:00:00
33.8341,-78.6586,2017-04-15,10:15:00
38.4175824074074,-121.4084799382716,2017-04-15,18:09:00
31.20895159474671,-85.41163339587243,2017-04-15,20:00:00
37.08875227272727,-76.49560426136362,2017-04-15,20:30:00
35.21601992031872,-97.43898087649404,2017-04-15,21:30:00
43.60549990147784,-116.2386509359606,2017-04-15,21:30:00
33.6055,-85.9633,2017-04-15,22:10:00
29.4578,-95.0342,2017-04-15,22:30:00
21.32080708833152,-157.84801923664122,2017-04-16,00:38:00
40.6357,-74.2527,2017-04-16,07:15:00
43.3926,-70.4728,2017-04-16,10:22:00
33.210956643356646,-117.32476888111889,2017-04-16,20:00:00
41.6935923566879,-88.0959331210191,2017-04-16,20:00:00
45.510005224458205,-122.66458212074302,2017-04-16,20:30:00
40.8275,-73.1225,2017-04-16,20:33:00
36.14597551358516,-115.18457488402916,2017-04-16,21:00:00
47.368,-120.1381,2017-04-16,21:00:00
40.4038618357488,-105.09342173913043,2017-04-16,22:00:00
37.3871,-83.6752,2017-04-16,22:04:00
40.8492,-73.9735,2017-04-17,00:20:00
48.0706,-122.17120403225806,2017-04-17,01:00:00
33.83965183486239,-87.2744128440367,2017-04-17,03:58:00
31.5432,-83.8604,2017-04-17,04:40:00
34.1151,-83.5749,2017-04-17,04:56:00
38.11386304347826,-122.23567608695652,2017-04-17,06:05:00
33.834235557331205,-117.88519912105474,2017-04-17,10:10:00
39.15735691056911,-75.53964796747968,2017-04-17,16:30:00
33.315533774834435,-111.75197284768213,2017-04-17,19:28:00
38.9582,-85.8875,2017-04-17,20:50:00
33.90644305555556,-84.8427138888889,2017-04-25,21:30:00
43.6707,-111.897,2017-04-25,22:30:00
38.01202218828104,-84.4627418217162,2017-04-25,23:00:00
26.934425,-80.12717971698113,2017-04-25,23:00:00
27.773100000000003,-82.4088,2017-04-25,23:45:00
36.71615,-97.06075,2017-04-25,23:45:00
26.1355,-80.2347,2017-04-25,23:45:00
27.95640265017668,-82.75047590106007,2017-04-25,23:45:00
26.99206595744681,-82.12517872340426,2017-04-25,23:50:00
26.705345010845985,-80.1055985900217,2017-04-25,23:52:00
27.85147965116279,-82.78607805232558,2017-04-25,23:53:00
28.01796564327485,-82.13620628654972,2017-04-25,23:53:00
27.88919589090909,-82.76890778181819,2017-04-26,00:00:00
34.430246464646466,-119.71894478114476,2017-04-26,00:00:00
25.77722564784053,-80.25922518272425,2017-04-26,00:20:00
27.85119527896996,-82.71356180257511,2017-04-26,00:27:00
41.2199,-80.6522,2017-04-26,04:07:00
36.33741606022585,-119.29513381430364,2017-04-26,09:45:00
32.88464125,-80.030869375,2017-04-26,14:00:00
43.15520328177257,-77.63365150501673,2017-04-26,21:00:00
37.5995,-83.7179,2017-04-26,22:00:00
27.459938979370254,-82.52817245747376,2017-04-26,22:29:00
47.92492896341463,-122.2173375,2017-04-26,23:20:00
46.5103,-122.4716,2017-04-27,01:00:00
39.0374,-76.6813,2017-04-27,07:40:00
47.22041124620061,-122.45925030395138,2017-04-27,10:51:00
25.77722564784053,-80.25922518272425,2017-04-27,20:45:00
38.87714691753403,-104.76823722978384,2017-04-27,21:00:00
33.249,-117.0122,2017-04-06,19:00:00
45.9811,-94.3639,2017-04-06,21:30:00
33.86895981220657,-117.54791830985916,2017-04-06,21:50:00
39.6659,-74.9658,2017-04-07,01:00:00
30.49693802816901,-90.47526971830986,2017-04-07,11:50:00
44.4371,-88.0795,2017-04-07,19:00:00
35.6409,-120.701,2017-04-07,19:16:00
35.5434,-112.17069999999998,2017-04-07,20:00:00
28.2178212244898,-81.61866346938776,2017-04-07,21:00:00
48.4876,-119.5803,2017-04-07,22:25:00
39.99382762603116,-82.98248417965169,2017-04-08,15:36:00
30.65759853479853,-97.72393424908424,2017-04-08,16:30:00
38.576237102734666,-121.44233422025128,2017-04-08,20:30:00
27.78995160032827,-82.68007476405417,2017-04-08,21:50:00
39.477714285714285,-74.99201428571428,2017-04-08,22:00:00
41.57942244897959,-87.81218367346938,2017-04-08,22:30:00
41.82279600760456,-71.41598269961978,2017-04-08,22:00:00
43.0286,-71.1922,2017-04-08,22:27:00
35.117007033898304,-106.62212966101694,2017-04-09,02:00:00
39.99040941529236,-75.15250992503748,2017-04-09,04:55:00
40.4038618357488,-105.09342173913043,2017-04-09,13:00:00
47.1988,-119.8426,2017-04-09,06:18:00
34.614088333333335,-98.41555166666669,2017-04-09,00:45:00
30.198542222222223,-83.02256222222222,2017-04-09,22:40:00
38.4175824074074,-121.4084799382716,2017-04-09,17:15:00
39.95799712230216,-85.994854676259,2017-04-09,02:30:00
41.600167631851086,-93.61721323681488,2017-04-10,01:00:00
37.6996695505618,-97.3295995505618,2017-04-10,11:30:00
33.12856439790576,-117.17692408376963,2017-04-10,19:00:00
30.3167016280526,-97.75799137271272,2017-04-10,20:50:00
32.9761,-115.5291,2017-04-10,21:00:00
33.50378574057038,-112.077080174793,2017-01-29,15:17:00
41.6212,-94.0331,2017-02-09,20:30:00
34.086600000000004,-118.34035,2017-02-10,19:00:00
33.44068443396227,-112.39068632075472,2017-02-14,23:00:00
32.250178747846064,-110.93932423894314,2017-02-22,21:47:00
34.02984860397588,-118.47355293723476,2017-03-01,22:00:00
41.6212,-94.0331,2017-03-07,22:00:00
30.27259411764706,-87.75941960784313,2017-03-08,19:45:00
32.32694429223744,-90.19505707762556,2017-03-09,20:49:00
33.49319451219512,-88.42252500000001,2017-03-12,03:15:00
33.249,-117.0122,2017-03-13,22:00:00
29.2331,-90.0111,2017-03-15,20:00:00
32.83618741746148,-117.16250519075568,2017-03-15,20:50:00
38.9924,-84.6462,2017-03-15,22:30:00
28.703100000000003,-100.4785,2017-03-19,22:00:00
35.04807470119522,-85.24838386454184,2017-03-19,22:50:00
37.3371,-79.2815,2017-03-20,06:15:00
29.782476507000737,-95.44062368459838,2017-03-20,18:15:00
38.87714691753403,-104.76823722978384,2017-03-20,22:19:00
37.8375,-120.10349999999998,2017-03-21,03:00:00
35.4174,-105.5584,2017-03-22,19:02:00
35.83921354581673,-86.42067689243028,2017-03-22,19:30:00
36.60019626865672,-79.41904179104479,2017-03-23,14:00:00
33.397444536082475,-111.92468515463918,2017-03-23,19:30:00
35.8726,-80.0929,2017-03-23,20:00:00
39.8026,-84.0154,2017-03-23,20:05:00
35.117007033898304,-106.62212966101694,2017-03-23,20:15:00
35.09131569767442,-114.57903546511628,2017-03-23,20:25:00
35.2358,-106.6177,2017-03-23,20:30:00
35.117007033898304,-106.62212966101694,2017-03-23,20:45:00
44.7258,-68.7831,2017-03-24,03:15:00
33.44068443396227,-112.39068632075472,2017-03-24,16:14:00
26.9378171875,-82.3262234375,2017-03-24,20:50:00
33.368399999999994,-117.23370166666668,2017-03-25,01:00:00
40.75256378421113,-73.9844567179912,2017-03-25,21:50:00
41.4866,-71.3295,2017-03-25,22:15:00
28.2178212244898,-81.61866346938776,2017-03-25,23:20:00
33.7423,-88.4136,2017-02-23,21:00:00
35.04807470119522,-85.24838386454184,2017-02-23,22:00:00
26.130387506148548,-80.22363615346778,2017-02-23,00:00:00
32.82456242621616,-96.79876776409526,2017-02-24,03:00:00
32.82456242621616,-96.79876776409526,2017-02-24,03:00:00
33.40469829545455,-112.54259147727272,2017-02-24,19:40:00
42.8848,-73.191,2017-02-24,20:00:00
42.07930900473933,-71.03448436018958,2017-02-24,20:00:00
39.8864,-79.7249,2017-02-24,20:00:00
41.1682,-81.2398,2017-02-24,20:30:00
35.64812086956521,-105.9435104347826,2017-02-24,20:30:00
34.22047407407408,-111.28776851851852,2017-02-24,20:30:00
27.28487070938215,-80.36743913043478,2017-02-24,20:45:00
41.190240625,-73.195140234375,2017-02-24,21:00:00
41.190240625,-73.195140234375,2017-02-24,21:00:00
41.249867838765006,-96.03637804459692,2017-02-24,23:00:00
41.5097,-73.9634,2017-02-24,23:42:00
38.4175824074074,-121.4084799382716,2017-02-25,10:00:00
39.91940856031128,-105.06590700389104,2017-02-25,13:15:00
26.45425432525952,-80.11988166089967,2017-02-25,14:00:00
33.40788678459938,-111.75088054110302,2017-02-25,14:16:00
33.80492083870968,-118.17501277419356,2017-02-25,18:15:00
40.14957715133532,-105.03690148367951,2017-02-25,18:45:00
38.9924,-84.6462,2017-02-25,19:00:00
39.8634,-95.2544,2017-02-25,19:15:00
28.51220019430052,-81.37852415803108,2017-02-25,19:35:00
47.098400000000005,-104.7275,2017-02-25,21:00:00
36.14597551358516,-115.18457488402916,2017-02-25,21:00:00
34.224157641921394,-84.4539248908297,2017-02-25,21:00:00
44.64194676258992,-123.09791798561152,2017-02-25,21:30:00
40.57972326530612,-111.8400281632653,2017-02-25,22:10:00
41.88082154885885,-87.66846953246178,2017-02-25,23:27:00
44.05453839285714,-121.32883875,2017-02-26,05:20:00
40.6505,-73.5832,2017-02-26,05:50:00
28.37213223684211,-82.2346822368421,2017-02-26,07:00:00
46.7045,-92.095,2017-02-26,15:30:00
42.1177,-88.2628,2017-02-26,18:00:00
42.50225025125628,-90.69475879396984,2017-02-26,18:00:00
41.677620478723405,-86.25259255319149,2017-04-17,21:00:00
37.3871,-83.6752,2017-04-17,21:15:00
38.7947,-82.9286,2017-04-17,21:30:00
30.29189253731344,-89.8071303934871,2017-04-17,22:30:00
43.3393,-85.8318,2017-04-17,23:15:00
34.041311190233976,-80.97791691251273,2017-04-18,00:00:00
34.14986656050956,-118.44245891719744,2017-04-18,01:00:00
38.22153870454997,-85.66253357838266,2017-04-18,02:00:00
34.04364759232729,-118.29956048233046,2017-04-18,12:00:00
40.75256378421113,-73.9844567179912,2017-04-18,14:30:00
34.04364759232729,-118.29956048233046,2017-04-18,20:00:00
35.117007033898304,-106.62212966101694,2017-04-18,20:30:00
40.207,-75.0744,2017-04-18,21:32:00
38.3929,-85.2676,2017-04-18,22:00:00
41.7241,-71.2657,2017-04-18,22:00:00
40.9666,-81.4185,2017-04-18,22:20:00
30.3574,-89.1649,2017-04-18,22:50:00
41.249867838765006,-96.03637804459692,2017-04-18,00:00:00
33.546200000000006,-79.0428,2017-04-19,02:53:00
37.306219839142095,-89.52392949061661,2017-04-19,08:16:00
33.0162,-83.54129999999999,2017-04-19,08:49:00
33.546200000000006,-79.0428,2017-04-19,20:50:00
33.8341,-78.6586,2017-04-19,20:50:00
39.74019963011889,-104.97711054161162,2017-04-19,23:29:00
31.3322,-85.6022,2017-04-19,23:50:00
31.3322,-85.6022,2017-04-19,23:55:00
41.7431,-87.8066,2017-04-20,04:56:00
40.0004,-75.0252,2017-04-20,14:15:00
42.792593289146645,-86.12233645401822,2017-02-16,22:30:00
36.4631,-81.8171,2017-03-01,02:20:00
40.8348,-75.0589,2017-03-08,21:30:00
38.753055319148935,-76.90848510638298,2017-03-09,15:30:00
34.0295,-117.31,2017-03-10,20:45:00
40.2327,-76.9331,2017-03-11,21:00:00
42.37550885416667,-83.11140946180555,2017-03-12,00:00:00
61.17820611028316,-149.86274426229508,2017-03-14,23:30:00
61.17820611028316,-149.86274426229508,2017-03-14,23:30:00
33.97425356223175,-118.03063785407726,2017-04-10,21:00:00
33.612665142857146,-117.65474914285714,2017-04-10,21:06:00
33.72271932624114,-116.21990425531916,2017-04-10,21:15:00
47.681,-118.1666,2017-04-10,21:30:00
47.681,-118.1666,2017-04-10,21:40:00
32.68538837209302,-115.50312558139537,2017-04-10,22:00:00
42.75206570048309,-71.47832608695651,2017-04-10,23:00:00
35.81868,-80.89374465408804,2017-04-11,20:00:00
20.7616,-156.0397,2017-04-11,20:20:00
29.964205170239595,-90.07945334174023,2017-04-11,20:24:00
34.29932427184466,-110.0040291262136,2017-04-11,20:30:00
37.28017795527157,-79.95790830670927,2017-04-11,20:30:00
36.83482921288959,-119.67795721077654,2017-04-11,20:40:00
33.290955743243245,-111.84674712837838,2017-04-11,20:45:00
36.1994,-78.7179,2017-04-11,21:07:00
43.6204,-96.9414,2017-04-11,22:00:00
35.9088,-79.4272,2017-04-11,22:30:00
37.3871,-83.6752,2017-04-11,23:25:00
40.6529,-111.880875,2017-04-12,20:00:00
35.71439290429043,-79.80433531353135,2017-04-12,20:00:00
31.5432,-83.8604,2017-04-12,20:15:00
33.5364,-112.1921,2017-04-12,03:00:00
33.85519637883008,-79.07296100278552,2017-04-12,20:40:00
32.414993396226414,-80.69812783018867,2017-04-12,20:40:00
41.9246,-89.0722,2017-04-12,10:13:00
35.901,-81.2134,2017-04-12,20:45:00
33.91958564356435,-84.18897475247526,2017-04-12,20:50:00
33.1501188976378,-96.7808125984252,2017-04-12,21:00:00
40.6673,-73.4593,2017-04-12,21:00:00
34.00499798657717,-117.6824768456376,2017-04-12,23:00:00
33.2745,-85.132,2017-04-13,06:45:00
39.41076558966075,-84.5654324717286,2017-03-25,23:45:00
34.62442193548387,-112.31221161290324,2017-03-26,00:58:00
35.7697,-79.177,2017-03-26,01:00:00
34.09239241192412,-117.88697696476964,2017-03-26,12:24:00
26.130387506148548,-80.22363615346778,2017-03-26,20:15:00
35.46855529225908,-97.53461224328592,2017-03-27,17:00:00
36.6534,-108.7323,2017-03-27,19:00:00
27.8957,-81.8118,2017-03-27,20:30:00
30.0955,-81.7198,2017-03-28,06:15:00
43.06727005589566,-89.37563939313281,2017-03-28,19:15:00
42.55319714285714,-83.76278057142856,2017-03-28,20:50:00
39.7643074829932,-105.22442108843538,2017-03-27,01:30:00
37.19130910746812,-93.28695318761385,2017-03-27,21:45:00
32.6683,-116.3225,2017-03-28,21:40:00
35.46855529225908,-97.53461224328592,2017-03-27,23:00:00
42.90899263803681,-85.7098509202454,2017-03-28,23:33:00
45.2525,-122.6824,2017-03-29,19:00:00
33.80135394736842,-117.83409342105264,2017-03-29,20:00:00
27.88919589090909,-82.76890778181819,2017-03-29,20:30:00
38.2828,-122.4677,2017-03-29,21:00:00
29.8861,-97.6777,2017-03-29,22:00:00
42.9698,-85.9212,2017-03-29,23:30:00
35.85035369774919,-83.52742893890675,2017-03-29,23:30:00
32.44577387687188,-97.73678752079866,2017-03-30,01:39:00
42.36829550561798,-72.4732179775281,2017-03-30,03:30:00
42.952540919904834,-85.64894758128469,2017-03-30,19:30:00
39.31630966292135,-76.6205929588015,2017-03-30,20:10:00
33.7615,-118.07630000000002,2017-03-31,02:26:00
38.97155177664975,-95.24955939086294,2017-03-31,19:00:00
33.8341,-78.6586,2017-03-31,22:30:00
42.09328095238095,-87.97988835978836,2017-04-01,01:10:00
42.99810835443038,-88.23479848101266,2017-04-01,01:10:00
28.0303,-82.7816,2017-04-01,03:00:00
27.78995160032827,-82.68007476405417,2017-04-01,18:00:00
47.88597299999999,-122.074506,2017-04-01,20:30:00
35.084269026548675,-92.43930796460177,2017-04-01,21:00:00
44.7399,-93.1249,2017-04-01,22:27:00
39.67027989690722,-75.72071108247422,2017-02-26,19:00:00
38.576237102734666,-121.44233422025128,2017-02-26,20:00:00
44.5231,-109.0756,2017-02-26,20:06:00
34.56829220338983,-112.42721661016948,2017-02-26,20:23:00
28.150840179717587,-82.48095571245186,2017-02-26,20:25:00
55.3192,-160.4914,2017-02-26,20:30:00
40.67462625698324,-75.24733631284916,2017-02-26,20:30:00
36.08381055958792,-79.83370636853196,2017-02-26,20:37:00
33.74937278287462,-84.26604434250766,2017-02-26,21:00:00
44.2635,-86.1825,2017-02-26,21:15:00
33.74937278287462,-84.26604434250766,2017-02-26,22:00:00
61.57892189781022,-149.4223773722628,2017-02-26,22:51:00
33.20282754716981,-87.52996377358491,2017-02-26,23:00:00
33.20282754716981,-87.52996377358491,2017-02-27,01:30:00
38.67110000000001,-121.1495,2017-02-27,18:11:00
37.2694,-100.5744,2017-02-27,19:00:00
45.79417254901961,-108.5628480392157,2017-02-27,19:30:00
38.6991,-104.7031,2017-02-27,19:30:00
38.36414785276074,-121.96917116564418,2017-02-28,04:50:00
37.89,-120.4764,2017-02-28,12:00:00
25.77722564784053,-80.25922518272425,2017-02-28,18:30:00
30.0731,-99.269,2017-03-01,18:30:00
33.50378574057038,-112.077080174793,2017-02-28,19:45:00
40.7559,-73.1836,2017-03-01,13:35:00
39.41076558966075,-84.5654324717286,2017-03-01,18:45:00
44.2952,-88.2713,2017-03-01,19:30:00
42.8255,-82.5133,2017-03-01,20:00:00
37.7533,-100.02299999999998,2017-03-01,20:00:00
46.7546,-92.5408,2017-03-01,20:21:00
35.1492,-86.5646,2017-03-02,05:00:00
37.19130910746812,-93.28695318761385,2017-03-02,20:00:00
46.9098,-92.9148,2017-03-02,21:45:00
31.549191297024144,-97.15039000561482,2017-03-02,22:00:00
37.8286,-92.1309,2017-03-15,13:28:00
39.9111,-74.1469,2017-03-15,20:00:00
33.94545446076675,-117.40941580078824,2017-03-17,18:20:00
43.07289532163743,-70.80296374269005,2017-03-17,20:00:00
41.3023,-74.754,2017-03-17,21:00:00
35.92761725146199,-86.84283245614036,2017-03-17,21:00:00
30.391026046511627,-90.05577627906978,2017-03-17,21:30:00
39.02527009516837,-94.70468620058566,2017-03-17,21:45:00
39.02527009516837,-94.70468620058566,2017-03-17,22:00:00
32.2686,-97.183,2017-03-17,22:00:00
61.57892189781022,-149.4223773722628,2017-03-17,22:35:00
27.28487070938215,-80.36743913043478,2017-03-18,19:00:00
34.077107643312104,-84.63189617834394,2017-03-18,19:30:00
30.29747071057192,-81.63802726747545,2017-03-18,20:15:00
27.80955294117647,-80.49411176470589,2017-03-18,20:15:00
26.705345010845985,-80.1055985900217,2017-03-18,20:22:00
26.199315176470588,-81.71960788235295,2017-03-18,20:30:00
27.5595,-82.3934,2017-03-18,20:30:00
32.82456242621616,-96.79876776409526,2017-03-18,20:35:00
26.2647644469526,-80.20005744920994,2017-03-18,20:35:00
30.3167016280526,-97.75799137271272,2017-03-18,20:59:00
37.0687,-97.031,2017-03-18,21:00:00
39.62469899999999,-75.835076,2017-03-18,21:30:00
33.3101,-83.71090000000001,2017-03-18,21:45:00
44.5221520367183,-88.02955502008031,2017-03-18,22:58:00
33.83592379227053,-116.53104963768116,2017-03-18,23:00:00
35.14642552204177,-84.85165715390565,2017-03-18,23:00:00
45.5981,-123.1818,2017-03-19,03:00:00
33.50378574057038,-112.077080174793,2017-03-19,18:45:00
35.3076,-79.3952,2017-03-19,20:00:00
29.997903883495145,-90.16908883495148,2017-03-19,20:30:00
34.18122925026399,-118.4384212249208,2017-03-19,20:45:00
42.0713,-94.8746,2017-03-19,21:00:00
34.84092861083744,-82.3644801182266,2017-03-19,21:15:00
40.528,-104.7181,2017-02-23,18:00:00
39.62155710955711,-104.9376365967366,2017-03-04,01:00:00
39.7744963800905,-94.82911176470589,2017-03-09,05:55:00
28.10435079034941,-80.66275278702163,2017-03-09,01:00:00
27.28487070938215,-80.36743913043478,2017-03-09,20:00:00
38.62698880773583,-90.30702881390803,2017-03-09,20:30:00
40.2532,-85.6712,2017-03-10,08:00:00
35.11963024462565,-89.9387742772424,2017-03-10,20:00:00
36.56671719298246,-87.39411859649124,2017-03-10,20:30:00
36.56671719298246,-87.39411859649124,2017-03-10,20:30:00
33.1501188976378,-96.7808125984252,2017-03-10,23:00:00
44.9622625823452,-89.66703102766797,2017-03-11,05:00:00
36.5002,-80.6163,2017-03-11,06:00:00
39.9768,-74.071,2017-03-11,18:00:00
39.9768,-74.071,2017-03-11,18:00:00
40.3857,-75.7723,2017-03-11,19:50:00
35.40989387755102,-80.59519132653062,2017-03-11,20:00:00
36.81995421052631,-76.08601184210526,2017-03-11,21:41:00
32.89335294117647,-111.74477226890755,2017-03-11,20:55:00
40.1873,-82.9899,2017-03-11,22:00:00
33.82100507315219,-84.42299163974918,2017-03-11,23:15:00
38.4175824074074,-121.4084799382716,2017-03-12,08:10:00
38.4175824074074,-121.4084799382716,2017-03-12,08:10:00
37.9729,-82.0206,2017-03-12,18:00:00
34.17154285714286,-86.17204285714286,2017-03-12,18:20:00
42.2349,-85.9005,2017-03-12,19:30:00
47.22041124620061,-122.45925030395138,2017-03-12,19:45:00
34.048139285714285,-117.17355357142856,2017-03-12,20:00:00
33.80492083870968,-118.17501277419356,2017-03-12,20:00:00
34.5308,-90.6331,2017-02-01,15:00:00
29.4732,-81.1319,2017-02-03,18:35:00
47.50417904191617,-122.61133592814372,2017-02-07,19:45:00
44.9854,-70.1832,2017-02-08,17:00:00
32.250178747846064,-110.93932423894314,2017-02-08,22:30:00
38.299510852713176,-77.50067390180878,2017-02-09,03:20:00
38.748,-90.4216,2017-02-09,18:00:00
42.62818235294117,-83.92271764705882,2017-02-10,10:15:00
40.5832,-73.65939999999999,2017-02-10,18:00:00
37.553,-77.0742,2017-02-10,18:35:00
33.99780082872928,-84.14809392265194,2017-02-10,19:05:00
36.255,-79.0827,2017-02-10,19:15:00
47.50417904191617,-122.61133592814372,2017-02-11,01:00:00
42.0409802259887,-93.6278186440678,2017-02-11,14:45:00
39.1244,-76.495,2017-02-11,15:00:00
38.97155177664975,-95.24955939086294,2017-02-11,18:31:00
45.669527315914486,-111.1245971496437,2017-02-11,18:35:00
27.78995160032827,-82.68007476405417,2017-02-11,19:00:00
27.78995160032827,-82.68007476405417,2017-02-11,19:00:00
27.35480054347826,-82.50858278985507,2017-02-11,19:38:00
46.5267,-114.0478,2017-02-11,20:00:00
44.9622625823452,-89.66703102766797,2017-02-11,21:15:00
33.7515,-118.36700000000002,2017-02-12,01:25:00
45.9454,-93.0686,2017-02-12,01:30:00
27.8257,-82.1374,2017-02-12,02:45:00
28.6841,-81.2812,2017-02-12,08:30:00
41.7681,-73.0665,2017-04-01,22:45:00
43.3401,-83.7415,2017-04-01,23:30:00
39.488261177007296,-119.79257039233578,2017-04-02,01:00:00
27.78995160032827,-82.68007476405417,2017-04-02,01:10:00
27.78995160032827,-82.68007476405417,2017-04-02,03:00:00
28.0303,-82.7816,2017-04-02,03:05:00
39.99382762603116,-82.98248417965169,2017-04-02,04:17:00
37.76960492572322,-122.42365559030492,2017-04-02,14:45:00
34.1301,-117.2044,2017-04-02,18:30:00
40.5921,-74.6238,2017-04-02,19:15:00
41.5194,-71.277,2017-04-02,22:00:00
33.40788678459938,-111.75088054110302,2017-04-02,22:40:00
47.41990954773869,-120.30280854271358,2017-04-03,02:28:00
39.99040941529236,-75.15250992503748,2017-04-03,08:00:00
36.81995421052631,-76.08601184210526,2017-04-04,02:05:00
34.00543598615917,-118.3984910034602,2017-04-04,20:30:00
36.7299,-77.9876,2017-04-04,20:55:00
41.91214,-83.4667,2017-04-04,21:30:00
36.74961340180973,-119.79445837613108,2017-04-04,22:37:00
40.75256378421113,-73.9844567179912,2017-04-05,04:08:00
38.753055319148935,-76.90848510638298,2017-04-05,08:00:00
33.19316581196581,-111.53355213675214,2017-04-05,18:00:00
35.11963024462565,-89.9387742772424,2017-04-05,23:00:00
33.9073,-118.0087,2017-04-06,01:00:00
30.3167016280526,-97.75799137271272,2017-04-06,09:00:00
33.834235557331205,-117.88519912105474,2017-04-06,11:55:00
38.62698880773583,-90.30702881390803,2017-04-06,19:40:00
33.509264673913044,-84.3687527173913,2017-04-06,21:35:00
26.062,-80.3368,2017-04-07,09:25:00
26.57449479326187,-81.84195007656969,2017-03-03,00:00:00
47.8148,-121.5462,2017-03-03,06:10:00
61.17820611028316,-149.86274426229508,2017-03-03,08:15:00
32.58927466666667,-86.20978133333332,2017-03-03,17:30:00
35.6208,-117.6732,2017-03-03,19:05:00
39.75555936,-75.57559616,2017-03-03,19:25:00
40.14957715133532,-105.03690148367951,2017-03-03,19:30:00
32.69847852049911,-114.58248636363636,2017-03-03,19:36:00
37.24419848484849,-80.42296060606061,2017-03-03,20:28:00
33.51053191489362,-117.120514893617,2017-03-03,21:00:00
64.85717464788733,-147.76425070422536,2017-03-03,21:38:00
60.4812,-151.1306,2017-03-04,04:00:00
41.0583,-96.3937,2017-03-04,05:45:00
41.47122005873052,-81.64465288005421,2017-03-04,15:00:00
45.2978,-69.4918,2017-03-04,18:30:00
37.3925816,-79.1818416,2017-03-04,18:42:00
44.2952,-88.2713,2017-03-04,19:00:00
43.7574,-71.6881,2017-03-04,19:20:00
37.3925816,-79.1818416,2017-03-04,19:40:00
45.5154,-109.4692,2017-03-04,21:00:00
43.52851947483589,-96.73377899343544,2017-03-04,21:48:00
36.045,-84.0396,2017-03-04,22:31:00
40.444534542102026,-79.97341339889367,2017-03-04,23:00:00
34.287540458015265,-118.43291526717556,2017-03-05,10:00:00
40.7963,-73.0665,2017-03-05,20:00:00
61.17820611028316,-149.86274426229508,2017-03-05,20:29:00
42.7384,-71.6663,2017-03-05,22:28:00
42.75206570048309,-71.47832608695651,2017-03-05,23:05:00
41.2205482051282,-73.05817897435898,2017-03-06,04:15:00
44.022,-70.1168,2017-03-06,12:15:00
30.5232,-90.8518,2017-03-06,18:45:00
26.130387506148548,-80.22363615346778,2017-03-06,19:11:00
30.3574,-89.1649,2017-01-20,05:45:00
36.0683,-119.0343,2017-01-28,05:00:00
36.045,-84.0396,2017-01-29,20:00:00
38.41415317919075,-82.434474566474,2017-02-07,11:15:00
40.6161,-89.46349999999998,2017-02-13,23:00:00
34.048139285714285,-117.17355357142856,2017-02-14,22:00:00
30.2773,-99.23650000000002,2017-02-15,19:50:00
43.065156853713006,-87.96295263819096,2017-02-16,20:00:00
43.065156853713006,-87.96295263819096,2017-02-16,20:00:00
42.1267,-75.9685,2017-02-16,23:30:00
42.57444833948339,-83.1494147601476,2017-02-17,20:03:00
42.4971,-95.5716,2017-02-17,20:30:00
32.87363290657439,-96.96641245674742,2017-02-17,20:40:00
40.509,-80.2392,2017-02-17,22:15:00
41.6746,-86.0851,2017-02-17,23:00:00
45.79417254901961,-108.5628480392157,2017-02-17,23:20:00
47.22041124620061,-122.45925030395138,2017-02-17,23:50:00
39.83360547945205,-77.21734246575342,2017-02-18,00:00:00
44.9322,-74.8845,2017-02-18,17:00:00
41.9228,-88.0756,2017-02-18,18:00:00
41.9228,-88.0756,2017-02-18,19:00:00
44.8668,-93.5383,2017-02-18,19:00:00
38.87714691753403,-104.76823722978384,2017-02-18,19:10:00
42.03492820512821,-87.7447846153846,2017-02-18,20:15:00
43.52851947483589,-96.73377899343544,2017-02-18,21:00:00
43.42631496149615,-88.18977546754675,2017-02-18,21:47:00
41.8814,-86.5839,2017-02-18,22:30:00
39.1465562992126,-77.27231023622046,2017-02-18,22:55:00
40.73657485172005,-74.18152158956109,2017-01-13,01:00:00
26.130387506148548,-80.22363615346778,2017-01-14,20:45:00
44.3277,-124.0824,2017-01-23,00:04:00
32.69847852049911,-114.58248636363636,2017-01-25,19:00:00
33.397444536082475,-111.92468515463918,2017-03-19,22:15:00
41.6187,-72.75,2017-03-19,23:50:00
32.82456242621616,-96.79876776409526,2017-03-20,04:47:00
33.290955743243245,-111.84674712837838,2017-03-20,20:15:00
37.9475,-91.7636,2017-03-20,20:27:00
37.9475,-91.7636,2017-03-20,20:27:00
41.76949710144928,-71.47294927536231,2017-03-20,21:30:00
29.90378012618296,-81.38834889589906,2017-03-20,22:10:00
38.87714691753403,-104.76823722978384,2017-03-20,22:30:00
38.9541,-104.5472,2017-03-20,22:30:00
32.2295,-112.6542,2017-03-20,23:00:00
37.4298,-81.0012,2017-03-21,04:00:00
28.01796564327485,-82.13620628654972,2017-03-21,08:40:00
26.103385714285714,-80.3942,2017-03-21,17:30:00
29.964205170239595,-90.07945334174023,2017-03-21,19:00:00
34.96291320754717,-89.97113301886792,2017-03-21,19:50:00
38.62698880773583,-90.30702881390803,2017-03-21,20:15:00
34.4494,-78.0968,2017-03-21,20:20:00
42.8097,-77.6624,2017-03-21,20:42:00
34.0733,-86.2123,2017-03-21,21:00:00
42.29431567567568,-71.43017297297297,2017-03-21,21:00:00
27.90595,-82.28720875486381,2017-03-21,21:15:00
36.86325715532286,-76.50853184991274,2017-03-21,21:30:00
41.744,-74.1067,2017-03-21,22:45:00
39.09501080851064,-94.56549749787231,2017-03-22,01:00:00
34.9879,-79.2169,2017-03-22,07:35:00
43.74633128654971,-87.7326581871345,2017-03-22,20:00:00
32.845828212039535,-97.22674043126683,2017-03-22,21:30:00
43.18933647058824,-70.88559294117647,2017-03-22,22:15:00
39.41715472527473,-77.41379032967032,2017-03-22,22:25:00
35.55227058371736,-82.52788609831029,2017-03-23,07:50:00
35.46032707692307,-79.15992430769231,2017-03-12,20:01:00
36.5002,-80.6163,2017-03-12,20:40:00
37.4149,-76.5441,2017-03-12,20:43:00
42.2103,-83.157,2017-03-12,22:15:00
45.1592,-122.42260000000002,2017-03-12,23:00:00
36.14597551358516,-115.18457488402916,2017-03-13,14:00:00
34.048139285714285,-117.17355357142856,2017-03-13,20:50:00
33.57951360201511,-112.19445289672544,2017-03-13,21:00:00
33.40788678459938,-111.75088054110302,2017-03-13,21:26:00
28.00877654729869,-82.4813833471331,2017-03-14,00:00:00
33.44068443396227,-112.39068632075472,2017-03-14,05:00:00
33.50378574057038,-112.077080174793,2017-03-14,06:45:00
39.74019963011889,-104.97711054161162,2017-03-14,18:30:00
33.290955743243245,-111.84674712837838,2017-03-14,20:24:00
42.6225,-112.0185,2017-03-14,22:10:00
43.06727005589566,-89.37563939313281,2017-03-14,22:33:00
33.57051965811966,-117.70589829059828,2017-03-14,23:50:00
38.4756,-120.5972,2017-03-15,03:00:00
26.6598,-80.2429,2017-03-15,06:00:00
33.50378574057038,-112.077080174793,2017-03-15,07:15:00
34.71606653144016,-86.59605050709939,2017-03-15,09:51:00
33.50378574057038,-112.077080174793,2017-03-15,17:50:00
35.1144,-81.8708,2017-03-15,17:50:00
32.83618741746148,-117.16250519075568,2017-03-15,19:55:00
32.83618741746148,-117.16250519075568,2017-03-15,20:21:00
43.06727005589566,-89.37563939313281,2017-03-15,20:35:00
29.90378012618296,-81.38834889589906,2017-03-15,21:00:00
37.19130910746812,-93.28695318761385,2017-03-16,00:00:00
32.354139318885444,-106.7495773993808,2017-03-16,17:00:00
32.82456242621616,-96.79876776409526,2017-03-16,06:35:00
33.290955743243245,-111.84674712837838,2017-03-16,19:35:00
33.397444536082475,-111.92468515463918,2017-03-16,20:12:00
47.29785454545455,-122.18462227272724,2017-03-16,21:00:00
44.94494771241831,-123.01479150326796,2017-03-16,21:41:00
39.070945406824144,-77.14350236220473,2017-03-17,02:00:00
34.41746789772728,-118.54913011363637,2017-02-12,15:00:00
33.82888744460856,-118.31959209748892,2017-02-12,15:45:00
41.61208764044944,-87.85971460674158,2017-02-12,18:37:00
44.92714346764346,-93.11580262515264,2017-02-12,18:45:00
36.2942,-80.3608,2017-02-12,19:00:00
44.9622625823452,-89.66703102766797,2017-02-12,19:00:00
41.4763,-81.3342,2017-02-12,19:00:00
28.025517495711835,-81.7280998284734,2017-02-12,20:00:00
45.43087857142858,-122.77311428571429,2017-02-12,20:30:00
33.64081497461929,-112.2297774111675,2017-02-12,20:30:00
36.6844967032967,-81.98372747252748,2017-02-12,21:22:00
33.3956967032967,-111.53908791208792,2017-02-12,22:15:00
46.27706458333333,-119.29308208333332,2017-02-12,22:53:00
36.53557613843352,-82.53851511839709,2017-02-13,00:00:00
42.37550885416667,-83.11140946180555,2017-02-13,01:08:00
33.75064775357386,-117.8612944179714,2017-02-13,15:09:00
39.0454,-83.948,2017-02-13,19:30:00
41.1389,-81.8629,2017-02-13,20:00:00
36.9745,-121.9548,2017-02-13,20:00:00
42.08,-71.4175,2017-02-13,21:05:00
40.75256378421113,-73.9844567179912,2017-02-13,21:15:00
35.0668,-83.218,2017-02-13,21:15:00
42.9438,-91.8334,2017-02-13,21:30:00
43.445,-71.6503,2017-02-13,22:00:00
43.0084,-96.632,2017-02-13,22:00:00
38.01202218828104,-84.4627418217162,2017-02-14,01:00:00
46.1406,-122.8856,2017-02-14,01:15:00
38.45829677419355,-77.44785806451613,2017-02-14,03:30:00
36.84447712765957,-121.36713882978724,2017-02-14,06:15:00
37.495994930875575,-120.85480748847928,2017-02-14,06:20:00
38.75928433048433,-121.30195356125355,2017-02-14,06:20:00
42.9285,-76.5591,2017-02-14,06:20:00
34.04364759232729,-118.29956048233046,2017-02-14,06:32:00
45.658570363636365,-122.59014654545454,2017-02-14,19:30:00
40.6376345276873,-75.38272638436482,2017-02-14,19:35:00
34.1091,-117.7126,2017-02-14,20:00:00
39.4114,-77.2823,2017-01-18,01:00:00
47.60567891170866,-122.33084005928434,2017-01-23,06:43:00
37.493420843091336,-77.4178131147541,2017-01-26,18:30:00
39.488261177007296,-119.79257039233578,2017-01-28,03:54:00
26.130387506148548,-80.22363615346778,2017-01-28,18:50:00
47.2729,-93.6405,2017-01-29,19:00:00
37.2791,-93.1039,2017-01-31,04:00:00
38.5159,-90.6353,2017-02-01,00:00:00
21.4082,-157.7396,2017-02-02,19:00:00
38.76970019249278,-90.5528532242541,2017-02-03,10:23:00
45.874,-92.3227,2017-02-03,17:30:00
29.4732,-81.1319,2017-02-03,19:00:00
39.0374,-76.6813,2017-02-03,20:00:00
33.50378574057038,-112.077080174793,2017-02-03,20:00:00
38.22153870454997,-85.66253357838266,2017-02-03,20:30:00
27.35480054347826,-82.50858278985507,2017-02-03,20:33:00
30.5238,-97.565,2017-02-03,21:00:00
30.5232,-90.8518,2017-02-03,21:30:00
26.607363356973995,-80.1262378250591,2017-02-03,21:35:00
33.7515,-118.36700000000002,2017-02-04,03:24:00
39.09832727272727,-74.73690227272728,2017-02-04,15:50:00
44.4491,-95.7848,2017-02-04,17:00:00
42.38908527607362,-71.10177791411043,2017-02-04,17:00:00
33.2487,-111.6343,2017-02-04,17:53:00
25.987825,-80.25879375000001,2017-02-04,20:30:00
31.9455,-110.9973,2017-02-05,01:35:00
43.06727005589566,-89.37563939313281,2017-02-05,12:00:00
36.56671719298246,-87.39411859649124,2017-02-05,18:30:00
32.8466,-116.977,2017-02-05,19:00:00
44.05453839285714,-121.32883875,2017-02-05,19:00:00
36.0869,-84.1897,2017-02-05,21:00:00
41.88082154885885,-87.66846953246178,2017-02-05,22:05:00
37.65732343522562,-120.98715909752548,2017-03-06,19:58:00
32.38549230769231,-88.68616923076922,2017-03-06,21:48:00
39.62469899999999,-75.835076,2017-03-06,22:00:00
47.41990954773869,-120.30280854271358,2017-03-06,22:00:00
37.89,-120.4764,2017-03-07,12:00:00
37.126,-76.7651,2017-03-07,13:00:00
32.74023188229325,-97.33552857432775,2017-03-07,19:00:00
38.01202218828104,-84.4627418217162,2017-03-07,20:00:00
32.98864905362776,-80.18359558359622,2017-03-07,20:10:00
31.449416996047432,-100.46032450592884,2017-03-07,20:30:00
38.3534,-87.5726,2017-03-07,23:00:00
39.99040941529236,-75.15250992503748,2017-03-07,21:20:00
34.5963,-82.1109,2017-03-08,00:30:00
34.5963,-82.1109,2017-03-08,00:30:00
33.50378574057038,-112.077080174793,2017-03-08,02:00:00
42.2368375,-83.61191636904762,2017-03-08,16:54:00
40.9902,-74.31,2017-03-08,18:30:00
36.45,-82.3354,2017-03-08,20:00:00
37.3826,-93.9549,2017-03-08,23:30:00
38.2762,-76.6356,2017-03-09,15:15:00
36.14597551358516,-115.18457488402916,2017-03-09,19:37:00
41.1095,-89.9575,2017-03-09,19:45:00
33.249,-117.0122,2017-03-09,21:00:00
33.50378574057038,-112.077080174793,2017-03-09,21:25:00
47.603223010752686,-122.17236688172044,2017-03-09,00:00:00
38.0465,-97.3483,2017-03-10,00:30:00
42.31252621951219,-85.18109634146342,2017-03-10,05:55:00
44.92714346764346,-93.11580262515264,2017-02-19,04:00:00
41.6838,-106.4133,2017-02-19,05:15:00
40.75256378421113,-73.9844567179912,2017-02-19,07:30:00
27.78995160032827,-82.68007476405417,2017-02-19,11:00:00
43.1361,-77.4648,2017-02-19,12:15:00
42.2831,-71.7237,2017-02-19,14:00:00
35.7389,-79.4577,2017-02-19,19:30:00
47.22041124620061,-122.45925030395138,2017-02-19,19:50:00
43.3238,-73.6772,2017-02-19,20:00:00
42.89366842105263,-85.76148815789473,2017-02-19,20:30:00
47.9878,-108.6925,2017-02-19,20:58:00
41.7137,-70.1578,2017-02-19,22:00:00
35.11963024462565,-89.9387742772424,2017-02-19,22:04:00
39.5595,-95.138,2017-02-19,22:30:00
41.66789226973684,-83.6023917763158,2017-02-19,22:50:00
41.14239736842105,-81.48557236842106,2017-02-19,23:05:00
28.36875291828794,-80.71672276264592,2017-02-20,19:20:00
45.99787472118959,-112.595368401487,2017-02-20,20:00:00
39.4491,-108.045,2017-02-20,20:10:00
45.3999,-93.0184,2017-02-20,21:00:00
32.250178747846064,-110.93932423894314,2017-02-20,21:00:00
34.03043880126183,-84.35155078864352,2017-02-20,21:30:00
37.976,-122.3359,2017-02-20,22:00:00
39.1254,-94.9605,2017-02-21,07:00:00
33.64081497461929,-112.2297774111675,2017-02-21,11:15:00
34.74635946088795,-82.25891918604651,2017-02-21,19:00:00
39.967,-105.4844,2017-02-21,19:00:00
33.82100507315219,-84.42299163974918,2017-01-26,13:00:00
39.11695146443515,-77.56854142259415,2017-01-26,18:50:00
32.47288957345971,-85.05782132701422,2017-01-26,19:00:00
33.4308,-79.3235,2017-01-26,20:00:00
35.70496196834817,-81.35526750741839,2017-01-26,20:00:00
33.0562,-117.2688,2017-01-26,21:30:00
36.0774,-79.088,2017-01-26,22:35:00
40.75256378421113,-73.9844567179912,2017-01-27,01:30:00
29.5809,-98.3052,2017-01-27,02:45:00
45.510005224458205,-122.66458212074302,2017-01-27,13:15:00
39.0397,-77.1918,2017-01-27,07:00:00
32.354139318885444,-106.7495773993808,2017-01-27,16:45:00
43.3848,-71.0671,2017-01-27,17:30:00
35.798,-78.3926,2017-01-27,19:15:00
35.5176,-97.3493,2017-01-27,19:38:00
35.301627777777774,-93.08816296296295,2017-01-27,20:00:00
40.3344,-74.795,2017-01-27,20:40:00
40.6752,-74.4361,2017-01-27,21:00:00
30.4687,-93.2378,2017-01-27,22:00:00
39.4276,-74.7075,2017-01-27,22:45:00
36.013,-95.9767,2017-01-28,00:10:00
34.223596829971186,-84.1367204610951,2017-01-28,09:15:00
43.1791,-89.4569,2017-01-28,17:15:00
33.587727468785474,-111.8958216799092,2017-01-28,18:30:00
42.8674,-71.3793,2017-01-28,18:30:00
45.510005224458205,-122.66458212074302,2017-01-28,19:00:00
33.290955743243245,-111.84674712837838,2017-01-28,20:20:00
41.5696,-81.2096,2017-01-28,20:29:00
31.9455,-110.9973,2017-01-28,20:50:00
33.85519637883008,-79.07296100278552,2017-01-28,21:00:00
26.36858615384616,-80.13743384615385,2017-01-28,22:30:00
35.8429,-79.9902,2017-01-28,23:30:00
35.60860691489362,-77.37575452127659,2017-01-28,23:30:00
32.250178747846064,-110.93932423894314,2017-01-28,23:54:00
42.6028,-71.2319,2017-01-29,03:00:00
34.14491241830065,-118.38874248366012,2017-01-29,10:34:00
33.210956643356646,-117.32476888111889,2017-01-29,14:10:00
35.117007033898304,-106.62212966101694,2017-01-29,15:00:00
33.82888744460856,-118.31959209748892,2017-02-14,21:00:00
41.87472941176471,-80.78345764705884,2017-02-15,05:35:00
36.1732,-85.4536,2017-02-15,09:50:00
37.306219839142095,-89.52392949061661,2017-02-15,18:48:00
37.6996695505618,-97.3295995505618,2017-02-15,19:00:00
35.118,-79.4514,2017-02-15,19:25:00
38.9418,-84.0877,2017-02-15,19:40:00
39.338,-82.986,2017-02-15,19:50:00
30.2773,-99.23650000000002,2017-02-15,19:50:00
39.338,-82.986,2017-02-15,19:50:00
39.0452,-94.7189,2017-02-15,20:00:00
39.0452,-94.7189,2017-02-15,20:00:00
40.72474261083744,-74.06297906403941,2017-02-15,20:00:00
39.511,-117.0775,2017-02-15,20:00:00
42.6225,-112.0185,2017-02-15,20:30:00
37.6996695505618,-97.3295995505618,2017-02-15,21:00:00
34.62442193548387,-112.31221161290324,2017-02-15,21:10:00
32.67538985507247,-117.09240144927536,2017-02-15,22:00:00
41.12658235294118,-75.0194588235294,2017-02-16,06:15:00
32.69847852049911,-114.58248636363636,2017-02-16,07:00:00
42.8329,-87.9208,2017-02-16,07:00:00
34.226038,-119.036905,2017-02-16,10:30:00
37.6996695505618,-97.3295995505618,2017-02-16,16:00:00
37.05651016949152,-88.64436271186442,2017-02-16,16:30:00
35.5326,-77.3946,2017-02-16,17:09:00
33.67175094035465,-117.90995303600216,2017-02-16,18:00:00
39.0454,-83.948,2017-02-16,19:00:00
35.64812086956521,-105.9435104347826,2017-02-16,19:00:00
36.741348888888886,-95.93992555555556,2017-02-16,19:48:00
33.6816,-83.6851,2017-02-16,20:00:00
33.72271932624114,-116.21990425531916,2017-02-16,20:45:00
32.524024423963134,-94.75926682027648,2017-02-16,21:00:00
30.69934719101123,-96.3552468164794,2017-02-17,08:30:00
34.18061246056782,-79.75626388012618,2017-02-17,15:20:00
40.03843105726872,-76.32034008810572,2017-02-06,00:10:00
40.1235,-123.82070000000002,2017-02-06,00:13:00
41.7124,-87.7478,2017-02-06,01:15:00
44.98605519614591,-93.30217136958018,2017-02-06,02:30:00
39.9581,-82.8068,2017-02-06,02:30:00
43.3904,-86.3315,2017-02-06,02:35:00
47.50417904191617,-122.61133592814372,2017-02-06,04:22:00
45.510005224458205,-122.66458212074302,2017-02-06,18:00:00
38.371495,-75.60409388888888,2017-02-06,20:15:00
27.78995160032827,-82.68007476405417,2017-02-06,21:00:00
35.117007033898304,-106.62212966101694,2017-02-06,22:30:00
32.8484203517588,-83.68054547738694,2017-02-07,19:20:00
32.8484203517588,-83.68054547738694,2017-02-07,19:20:00
47.50417904191617,-122.61133592814372,2017-02-07,20:00:00
33.5637,-84.2112,2017-02-07,20:30:00
43.3784,-116.5457,2017-02-07,21:29:00
32.250178747846064,-110.93932423894314,2017-02-07,21:30:00
43.568753114754095,-116.56108262295082,2017-02-07,21:30:00
30.46589721549637,-84.25901549636805,2017-02-08,03:00:00
30.6622,-97.931,2017-02-08,05:30:00
33.8341,-78.6586,2017-02-08,20:40:00
26.199315176470588,-81.71960788235295,2017-02-08,20:45:00
42.1009,-88.8695,2017-02-08,21:30:00
33.446484112149534,-112.33563738317756,2017-02-08,21:30:00
41.09662551928784,-80.65791550445104,2017-02-09,00:00:00
41.7026,-72.3156,2017-02-09,00:00:00
30.8696492248062,-83.30585077519379,2017-02-09,05:15:00
40.3584,-74.0681,2017-02-09,10:40:00
36.33455925925927,-82.37001590413944,2017-02-09,20:00:00
36.9383,-82.6188,2017-02-09,22:15:00
44.83065714285714,-93.15574285714284,2017-02-10,15:00:00
27.85147965116279,-82.78607805232558,2017-01-01,00:19:00
39.7643074829932,-105.22442108843538,2017-01-08,03:00:00
39.40136231884058,-104.86645797101448,2017-01-11,20:45:00
41.744,-74.1067,2017-01-16,18:41:00
33.90346971235195,-80.37304230118444,2017-01-18,21:00:00
33.80492083870968,-118.17501277419356,2017-01-19,06:10:00
37.90812088607595,-122.05081202531646,2017-01-19,18:00:00
33.4846,-105.3857,2017-01-19,18:05:00
29.0107,-82.0355,2017-01-19,20:45:00
30.8577,-90.1155,2017-01-19,21:25:00
26.130387506148548,-80.22363615346778,2017-01-19,22:00:00
35.03850676020408,-78.94700994897958,2017-01-20,14:00:00
29.039690170132324,-81.2940815689981,2017-01-20,19:30:00
28.51220019430052,-81.37852415803108,2017-01-20,20:15:00
28.40906169590644,-80.77539181286551,2017-01-20,20:19:00
41.3148,-72.6994,2017-01-21,02:00:00
26.1355,-80.2347,2017-01-21,04:00:00
36.111605596107054,-95.93798929440388,2017-01-21,05:00:00
38.64724615384616,-77.31174558404558,2017-01-21,18:40:00
30.29747071057192,-81.63802726747545,2017-01-01,00:07:00
26.8334,-82.2624,2017-01-01,01:00:00
29.1008,-98.6282,2017-01-07,22:00:00
28.22808565400844,-82.1877953586498,2017-01-09,05:05:00
34.5129,-106.2606,2017-01-10,06:00:00
32.46985219512196,-90.11023853658536,2017-01-11,06:30:00
36.0901,-78.4517,2017-01-11,21:00:00
33.71258733572282,-78.93877275985663,2017-01-12,08:40:00
40.75256378421113,-73.9844567179912,2017-01-12,18:45:00
28.139063902439023,-82.74725951219513,2017-01-12,19:30:00
35.3777,-79.9093,2017-01-12,20:00:00
44.2363,-88.8514,2017-01-12,20:55:00
35.117007033898304,-106.62212966101694,2017-01-12,21:35:00
35.71439290429043,-79.80433531353135,2017-01-13,03:00:00
41.8417,-71.3516,2017-01-13,06:15:00
40.57972326530612,-111.8400281632653,2017-01-13,12:32:00
26.705345010845985,-80.1055985900217,2017-01-13,19:25:00
41.5636,-74.4339,2017-01-13,19:35:00
38.9187,-75.4291,2017-01-13,19:50:00
38.442850156739816,-122.71911818181816,2017-01-13,20:25:00
38.442850156739816,-122.71911818181816,2017-01-13,20:45:00
32.18168387096774,-80.75300201612903,2017-01-13,21:30:00
42.2441,-71.1688,2017-01-13,21:40:00
32.5519,-84.105,2017-01-13,22:30:00
47.035427578475336,-122.89460784753363,2017-01-14,06:35:00
38.9846,-119.1556,2017-01-14,13:00:00
47.60567891170866,-122.33084005928434,2017-01-14,14:00:00
28.10435079034941,-80.66275278702163,2017-01-14,17:00:00
29.201564271457087,-81.04377804391218,2017-01-14,17:51:00
42.8255,-82.5133,2017-01-14,18:00:00
38.442850156739816,-122.71911818181816,2017-01-14,18:00:00
42.8637,-71.5132,2017-01-29,18:40:00
33.82100507315219,-84.42299163974918,2017-01-29,18:47:00
41.5603,-74.1745,2017-01-29,19:15:00
27.78995160032827,-82.68007476405417,2017-01-29,19:30:00
40.88041494252873,-111.8698632183908,2017-01-29,19:35:00
37.1457,-113.36150000000002,2017-01-29,20:15:00
41.08539760956176,-111.9539466135458,2017-01-29,21:00:00
33.65234848484848,-84.0036993939394,2017-01-29,22:30:00
26.130387506148548,-80.22363615346778,2017-01-29,23:00:00
43.25402222222223,-70.87360277777778,2017-01-30,02:30:00
39.2812,-76.74059999999999,2017-01-30,07:00:00
29.79057163636364,-95.78978218181815,2017-01-30,18:45:00
28.65322519774012,-81.20609039548023,2017-01-30,20:15:00
35.0044,-82.431,2017-01-30,21:50:00
42.0399,-70.7163,2017-01-31,06:00:00
40.19874362745098,-77.01651470588234,2017-01-31,18:40:00
38.05596818950931,-78.4944820642978,2017-01-31,21:00:00
44.64194676258992,-123.09791798561152,2017-01-31,22:15:00
32.99422105263158,-111.96424210526315,2017-01-31,23:00:00
34.8611,-77.5885,2017-01-31,23:45:00
41.88082154885885,-87.66846953246178,2017-02-01,06:00:00
34.04364759232729,-118.29956048233046,2017-02-01,09:12:00
42.1186,-70.9576,2017-02-01,17:30:00
41.3495,-72.103,2017-02-01,17:46:00
30.29747071057192,-81.63802726747545,2017-02-01,18:30:00
34.12303095768374,-117.8989258351893,2017-02-01,19:40:00
39.82978871794872,-105.1123794871795,2017-02-01,20:00:00
42.635,-79.0455,2017-02-01,20:00:00
48.2444,-116.2795,2017-02-01,21:02:00
37.7673,-92.1098,2017-02-01,22:15:00
33.397444536082475,-111.92468515463918,2017-02-01,22:50:00
34.4512,-84.153,2017-02-01,23:00:00
42.9685,-78.7492,2017-02-01,23:43:00
42.90550146611642,-78.85560749348393,2017-02-02,12:45:00
30.67290954954955,-88.15823621621622,2017-02-02,18:30:00
33.40788678459938,-111.75088054110302,2017-02-02,20:00:00
30.3167016280526,-97.75799137271272,2017-01-06,17:30:00
45.43087857142858,-122.77311428571429,2017-01-06,18:24:00
37.9861,-122.56879999999998,2017-01-06,19:00:00
48.0193,-122.4589,2017-01-06,19:00:00
46.0112,-122.8166,2017-01-06,19:05:00
37.30222429467085,-120.48500250783698,2017-01-06,19:15:00
35.7292,-84.3436,2017-01-06,20:00:00
45.151,-93.3121,2017-01-06,22:30:00
48.754420967741936,-122.45834543010751,2017-01-06,23:00:00
35.34884363636364,-82.45501636363636,2017-01-07,18:15:00
43.9536,-90.8101,2017-01-07,19:00:00
39.74019963011889,-104.97711054161162,2017-01-07,19:00:00
36.14108444607484,-86.78634372707263,2017-01-07,19:30:00
29.90378012618296,-81.38834889589906,2017-01-21,18:58:00
41.6197,-83.7282,2017-01-21,19:00:00
33.2855,-84.5964,2017-01-21,20:00:00
33.315533774834435,-111.75197284768213,2017-01-21,20:30:00
33.52016370967742,-104.44226854838708,2017-01-21,20:30:00
34.8664,-118.3409,2017-01-22,19:00:00
28.3299,-82.285,2017-01-22,19:25:00
32.9647,-108.5672,2017-01-23,00:00:00
36.689218113207545,-121.64708943396226,2017-01-23,00:12:00
45.51989340659341,-122.96465384615384,2017-01-23,02:45:00
34.04364759232729,-118.29956048233046,2017-01-23,03:00:00
47.024,-122.7827,2017-01-23,18:00:00
38.8789,-99.3392,2017-01-23,19:00:00
34.7814,-106.714,2017-01-23,19:00:00
33.8341,-78.6586,2017-01-23,19:30:00
37.8893,-91.3021,2017-01-23,20:30:00
34.919,-92.1419,2017-01-24,06:00:00
44.98605519614591,-93.30217136958018,2017-01-24,18:30:00
44.4359,-69.0144,2017-01-25,16:45:00
37.45723184357541,-77.64976815642457,2017-01-25,18:00:00
36.08381055958792,-79.83370636853196,2017-01-25,18:30:00
32.83618741746148,-117.16250519075568,2017-01-25,19:00:00
33.88106328747284,-118.2192436640116,2017-01-25,19:25:00
33.949312624584714,-116.51335348837208,2017-01-25,20:00:00
39.1465562992126,-77.27231023622046,2017-01-25,20:00:00
29.49234812109108,-98.5189290376833,2017-01-25,20:45:00
39.61,-84.9125,2017-01-25,22:15:00
28.92384368932039,-82.3874077669903,2017-01-25,22:45:00
36.08381055958792,-79.83370636853196,2017-01-26,12:40:00
42.5301,-71.7553,2017-01-26,16:30:00
40.75256378421113,-73.9844567179912,2017-01-26,18:00:00
30.01574193548387,-90.2510370967742,2017-01-26,18:00:00
40.75256378421113,-73.9844567179912,2017-01-26,18:00:00
39.40982016129032,-76.58970080645162,2017-01-26,18:54:00
28.00877654729869,-82.4813833471331,2017-01-26,19:00:00
33.4308,-79.3235,2017-01-26,20:00:00
30.223368804664723,-93.20341749271137,2017-01-14,19:00:00
42.952540919904834,-85.64894758128469,2017-01-14,19:30:00
45.51989340659341,-122.96465384615384,2017-01-14,19:38:00
28.36252350230415,-82.67104562211982,2017-01-14,21:18:00
33.9776,-117.7375,2017-01-14,23:03:00
34.26018571428572,-85.16744285714286,2017-01-15,03:00:00
40.5921,-74.6238,2017-01-15,17:45:00
33.8907,-84.7,2017-01-15,19:00:00
45.3134,-93.5809,2017-01-15,19:00:00
33.50378574057038,-112.077080174793,2017-01-15,20:53:00
32.83618741746148,-117.16250519075568,2017-01-15,22:00:00
39.31630966292135,-76.6205929588015,2017-01-16,17:45:00
37.0142,-93.1986,2017-01-16,18:15:00
36.14597551358516,-115.18457488402916,2017-01-16,18:30:00
41.0669,-111.7264,2017-01-16,19:00:00
34.3309,-89.4837,2017-01-16,19:00:00
43.3001,-71.8326,2017-01-17,09:53:00
34.1619,-116.4335,2017-01-17,16:00:00
48.3108,-122.6322,2017-01-17,17:26:00
41.249867838765006,-96.03637804459692,2017-01-17,19:48:00
46.074,-94.4988,2017-01-17,20:39:00
35.40989387755102,-80.59519132653062,2017-01-17,20:42:00
28.90405620437956,-81.23807445255476,2017-01-17,21:00:00
43.2939,-78.8233,2017-01-18,17:00:00
44.8554,-92.6308,2017-01-18,18:53:00
28.88056513761468,-82.64873211009176,2017-01-18,19:45:00
43.5856,-96.583,2017-01-18,20:28:00
41.88082154885885,-87.66846953246178,2017-01-18,22:30:00
40.55766183035714,-105.06998772321428,2017-01-18,23:30:00
44.98605519614591,-93.30217136958018,2017-01-19,02:28:00
40.4206,-74.6951,2017-01-19,19:00:00
39.80464175369887,-86.13773687989556,2017-01-01,00:00:00
37.24496252766711,-121.81799366976536,2017-01-01,00:01:00
42.98999987452949,-88.10329849435382,2017-01-07,20:10:00
43.5661,-84.5822,2017-01-07,21:00:00
43.3902,-123.2947,2017-01-07,23:20:00
34.3385,-84.3741,2017-01-08,02:18:00
42.65445233644859,-83.37991682242992,2017-01-08,06:20:00
42.48157631578948,-83.24047105263158,2017-01-08,06:30:00
41.5094,-87.8248,2017-01-08,17:30:00
44.3721,-92.035,2017-01-08,19:00:00
38.548025,-77.75925,2017-01-08,19:15:00
27.93279691358025,-82.24107654320987,2017-01-08,21:10:00
29.500535444579786,-81.20716077953715,2017-01-08,21:58:00
33.481415080191624,-86.79047456779837,2017-01-09,03:02:00
45.49789166666666,-122.41613166666666,2017-01-09,04:10:00
47.5240352,-122.0043232,2017-01-09,07:05:00
41.2451,-75.5041,2017-01-09,18:00:00
33.290955743243245,-111.84674712837838,2017-01-09,19:15:00
37.28017795527157,-79.95790830670927,2017-01-09,19:30:00
28.190701639344265,-82.74938032786885,2017-01-09,20:50:00
28.51220019430052,-81.37852415803108,2017-01-09,23:00:00
34.1102,-107.244,2017-01-10,06:02:00
38.257,-90.5801,2017-01-10,18:45:00
27.05821320754717,-82.20058867924529,2017-01-10,19:30:00
33.7395,-79.4455,2017-01-10,21:40:00
42.793,-70.9731,2017-01-11,08:30:00
42.36829550561798,-72.4732179775281,2017-01-11,17:01:00
41.353,-74.2627,2017-01-11,17:40:00
31.848,-81.602,2017-01-11,18:22:00
38.8789,-99.3392,2017-01-11,18:40:00
47.2123,-123.0971,2017-01-11,20:05:00
33.2213,-80.4547,2017-01-11,21:00:00
40.6124,-111.8832,2017-01-11,23:45:00
30.26571355932203,-95.45306122881355,2017-01-12,06:00:00
38.60561007751938,-121.26596821705424,2017-01-01,00:05:00
61.17820611028316,-149.86274426229508,2017-01-01,00:10:00
43.60549990147784,-116.2386509359606,2017-01-01,00:10:00
28.66121621621621,-81.31186756756756,2017-01-01,00:10:00
34.9508,-78.9381,2017-01-01,00:15:00
40.14957715133532,-105.03690148367951,2017-01-01,00:15:00
33.19316581196581,-111.53355213675214,2017-01-01,00:20:00
29.49234812109108,-98.5189290376833,2017-01-01,00:30:00
44.5231,-109.0756,2017-01-01,01:15:00
38.2723,-121.2976,2017-01-01,02:30:00
43.60549990147784,-116.2386509359606,2017-01-01,12:05:00
40.75256378421113,-73.9844567179912,2017-01-01,12:30:00
38.87714691753403,-104.76823722978384,2017-01-01,13:50:00
41.8417,-71.3516,2017-01-01,17:45:00
32.6799,-117.1709,2017-01-01,18:15:00
39.6102,-75.6747,2017-01-01,19:00:00
39.4234,-76.7762,2017-01-01,19:05:00
42.1049,-86.035,2017-01-01,19:31:00
29.49234812109108,-98.5189290376833,2017-01-01,20:45:00
40.76334042553191,-74.2129035460993,2017-01-01,21:00:00
39.2293,-76.6907,2017-01-01,00:00:00
34.19864109090909,-118.8448090909091,2017-01-02,00:00:00
29.4578,-95.0342,2017-01-02,17:30:00
33.86895981220657,-117.54791830985916,2017-01-02,20:00:00
47.2013,-122.5711,2017-01-03,05:19:00
48.08988867924528,-123.55176226415097,2017-01-04,19:20:00
43.15520328177257,-77.63365150501673,2017-01-05,06:35:00
38.8534,-76.8893,2017-01-05,20:00:00
40.57972326530612,-111.8400281632653,2017-01-05,22:15:00
38.9816,-77.0044,2017-07-13,00:30:00
39.8741,-77.0673,2017-07-20,20:52:00
32.83618741746148,-117.16250519075568,2017-07-24,02:18:00
42.90550146611642,-78.85560749348393,2017-07-31,01:52:00
38.3864,-82.299,2017-08-21,03:10:00
44.3476,-89.1116,2017-09-29,02:20:00
43.0415,-83.074,2017-07-01,02:00:00
44.0636,-92.7555,2017-09-10,23:00:00
33.5632,-89.6419,2017-10-13,16:20:00
33.80492083870968,-118.17501277419356,2017-10-18,01:51:00
45.510005224458205,-122.66458212074302,2017-12-12,00:24:00
34.4925,-81.6028,2017-12-09,19:28:00
39.82978871794872,-105.1123794871795,2017-12-09,19:30:00
45.510005224458205,-122.66458212074302,2017-01-01,00:45:00
40.55668055555556,-74.28641388888889,2017-04-12,03:45:00
34.96291320754717,-89.97113301886792,2017-07-10,22:00:00
36.58786153846154,-121.85991623931623,2017-07-15,20:18:00
42.6584,-83.2364,2017-07-19,13:00:00
40.373,-111.7372,2017-07-23,02:00:00
26.607363356973995,-80.1262378250591,2017-07-28,08:30:00
44.05767142857143,-122.97238928571429,2017-08-06,01:03:00
26.57449479326187,-81.84195007656969,2017-08-21,17:45:00
36.1598,-107.7664,2017-08-25,20:30:00
36.1598,-107.7664,2017-08-25,20:30:00
43.741150000000005,-73.98695000000001,2017-08-27,21:30:00
40.9893,-72.1788,2017-09-07,19:15:00
28.51220019430052,-81.37852415803108,2017-09-09,20:00:00
40.75256378421113,-73.9844567179912,2017-09-21,18:00:00
36.62419,-82.19071166666666,2017-09-22,01:30:00
47.60567891170866,-122.33084005928434,2017-09-23,07:30:00
41.4426,-73.6764,2017-09-23,09:41:00
41.10134023154848,-85.14958408104197,2017-09-25,20:00:00
34.72018927835051,-118.15808103092785,2017-09-28,13:00:00
37.65732343522562,-120.98715909752548,2017-09-28,19:30:00
40.0035,-82.6726,2017-09-28,21:00:00
36.5744,-83.6054,2017-09-29,18:00:00
42.5582,-114.4658701754386,2017-09-29,22:00:00
38.41415317919075,-82.434474566474,2017-09-29,23:00:00
42.5582,-114.4658701754386,2017-09-30,19:57:00
34.16724325581395,-118.53729906976744,2017-10-02,19:00:00
36.9147,-111.4575,2017-10-03,17:00:00
37.24496252766711,-121.81799366976536,2017-10-03,21:50:00
39.9069,-83.4446,2017-10-03,23:00:00
42.83867896678967,-106.32607011070112,2017-10-04,02:30:00
42.57444833948339,-83.1494147601476,2017-10-04,06:05:00
38.5682,-89.8965,2017-10-04,18:40:00
41.2205482051282,-73.05817897435898,2017-10-04,20:00:00
32.414993396226414,-80.69812783018867,2017-10-04,20:20:00
42.13063636363636,-72.75510303030303,2017-10-05,01:00:00
41.3319,-73.2367,2017-10-05,07:03:00
46.1447,-123.9249,2017-10-05,15:42:00
34.47572118226601,-114.25899408866997,2017-10-05,19:40:00
43.60607836456559,-83.94507024417943,2017-10-05,20:56:00
44.0232,-82.9931,2017-10-05,21:00:00
34.425198390151515,-118.5129646780303,2017-10-05,21:27:00
41.44511274509804,-82.70620490196079,2017-10-05,21:30:00
27.98892239234449,-80.63985923444976,2017-10-05,21:40:00
33.85519637883008,-79.07296100278552,2017-10-05,23:20:00
34.74635946088795,-82.25891918604651,2017-10-05,23:00:00
39.80464175369887,-86.13773687989556,2017-10-06,16:00:00
32.69847852049911,-114.58248636363636,2017-10-06,19:00:00
40.5035,-75.388,2017-10-06,19:00:00
40.8617,-74.4104,2017-10-06,19:30:00
39.0454,-82.6418,2017-10-06,19:30:00
40.245,-75.1331,2017-10-06,19:40:00
35.8927,-106.7714,2017-10-06,19:40:00
38.299510852713176,-77.50067390180878,2017-10-06,20:15:00
39.8044,-75.4649,2017-10-06,20:30:00
40.245,-75.1331,2017-10-06,20:40:00
42.75206570048309,-71.47832608695651,2017-10-06,21:00:00
47.035427578475336,-122.89460784753363,2017-10-07,00:00:00
39.219,-84.11850000000001,2017-10-07,06:45:00
37.6302,-98.3564,2017-10-07,05:05:00
48.20002051282052,-114.30401846153846,2017-10-07,00:45:00
36.14597551358516,-115.18457488402916,2017-10-07,12:22:00
34.14722788844622,-117.30732642762284,2017-10-07,12:45:00
40.40087453703704,-104.72714305555556,2017-10-07,18:30:00
43.1317,-70.7873,2017-10-07,20:00:00
37.97232249560633,-121.2879253075571,2017-10-07,20:00:00
33.290955743243245,-111.84674712837838,2017-10-07,20:15:00
39.70049090909091,-84.08438181818182,2017-10-07,20:23:00
38.903287428571424,-77.26294857142857,2017-10-07,20:40:00
37.97232249560633,-121.2879253075571,2017-10-07,21:00:00
40.60537410270569,-74.14595510767532,2017-10-07,21:50:00
38.64724615384616,-77.31174558404558,2017-10-08,00:00:00
47.60567891170866,-122.33084005928434,2017-10-08,00:30:00
47.9305,-116.7397,2017-10-08,01:06:00
47.60567891170866,-122.33084005928434,2017-10-08,02:58:00
41.6048,-88.776,2017-10-08,08:30:00
40.1982,-85.1235,2017-10-08,15:00:00
33.67757603375528,-117.98370194092828,2017-10-08,16:25:00
44.8554,-92.6308,2017-10-08,17:49:00
40.467815289256194,-88.99412272727274,2017-10-08,19:30:00
32.524024423963134,-94.75926682027648,2017-10-08,20:15:00
45.5254,-122.3739,2017-10-09,02:58:00
21.4337,-158.1767,2017-10-09,04:30:00
33.834235557331205,-117.88519912105474,2017-10-09,05:30:00
33.834235557331205,-117.88519912105474,2017-10-09,05:39:00
34.04364759232729,-118.29956048233046,2017-10-09,05:40:00
34.1851,-118.7706,2017-10-09,05:40:00
34.2601,-118.5789,2017-10-09,05:45:00
34.254779752530936,-118.58808661417322,2017-10-09,05:45:00
42.1484,-76.9562,2017-10-09,06:00:00
36.74856060606061,-108.17357575757576,2017-10-09,20:30:00
41.9511,-71.413,2017-10-10,02:00:00
41.9511,-71.413,2017-10-10,02:00:00
37.24419848484849,-80.42296060606061,2017-10-10,07:34:00
40.75256378421113,-73.9844567179912,2017-10-10,16:20:00
40.5689,-79.8484,2017-10-10,19:20:00
41.202570129870125,-73.12647402597403,2017-10-10,20:00:00
39.70973333333333,-105.12885,2017-10-10,20:05:00
47.149114814814816,-122.28930879629628,2017-10-10,21:15:00
36.14597551358516,-115.18457488402916,2017-10-10,21:20:00
60.7007,-151.2766,2017-10-10,21:50:00
26.631337131630648,-81.98813163064834,2017-10-10,22:10:00
47.4162,-120.2719,2017-10-10,22:28:00
41.190240625,-73.195140234375,2017-10-11,00:00:00
42.4206,-71.3141,2017-10-11,21:42:00
37.0614,-84.7212,2017-10-12,14:00:00
34.26018571428572,-85.16744285714286,2017-10-12,15:58:00
39.1235,-88.5672,2017-10-12,16:15:00
38.5265,-105.9954,2017-10-12,19:10:00
47.035427578475336,-122.89460784753363,2017-10-12,19:45:00
45.79417254901961,-108.5628480392157,2017-10-12,20:00:00
38.286499613899615,-104.6427362934363,2017-10-12,22:00:00
27.95640265017668,-82.75047590106007,2017-10-12,22:50:00
30.29747071057192,-81.63802726747545,2017-10-13,03:00:00
30.29747071057192,-81.63802726747545,2017-10-13,03:47:00
37.6996695505618,-97.3295995505618,2017-10-13,06:54:00
33.67701690929451,-117.78627312430012,2017-10-13,11:00:00
30.176662992125983,-82.64592519685038,2017-10-13,11:35:00
47.37895625,-122.220740625,2017-10-13,16:00:00
36.1348,-96.1405,2017-10-13,20:00:00
35.7802,-78.4861,2017-10-13,19:30:00
41.8202,-86.2404,2017-10-13,22:00:00
38.7332,-77.5495,2017-10-13,21:00:00
38.6419,-94.3285,2017-10-14,00:34:00
30.29747071057192,-81.63802726747545,2017-10-14,11:55:00
27.93279691358025,-82.24107654320987,2017-10-14,01:30:00
36.689218113207545,-121.64708943396226,2017-10-14,15:46:00
47.6861,-114.1324,2017-10-14,16:00:00
34.1906,-90.0027,2017-10-14,17:00:00
41.977,-70.971,2017-10-14,17:30:00
39.09501080851064,-94.56549749787231,2017-10-14,17:30:00
39.0345,-78.2811,2017-10-14,19:30:00
44.6479,-124.0507,2017-10-14,20:30:00
44.7169,-73.3029,2017-10-14,21:02:00
35.182970422535206,-83.38635915492958,2017-10-14,21:19:00
35.70496196834817,-81.35526750741839,2017-10-15,00:00:00
34.083794178082194,-118.135973630137,2017-10-15,01:15:00
38.286499613899615,-104.6427362934363,2017-10-15,03:00:00
41.754900000000006,-70.7105,2017-03-16,05:49:00
30.5045,-97.8209,2017-05-01,21:00:00
37.52289036144578,-77.47437610441767,2017-06-28,14:37:00
42.41776686390533,-71.11331360946745,2017-07-16,12:00:00
28.28399440905874,-81.43865647558387,2017-10-15,03:30:00
29.90378012618296,-81.38834889589906,2017-10-15,08:15:00
42.49202433460076,-83.01486121673004,2017-10-15,11:20:00
44.5319,-122.8865,2017-10-15,14:00:00
29.782476507000737,-95.44062368459838,2017-10-15,14:00:00
39.77416551724138,-105.09699482758622,2017-10-15,17:24:00
45.51989340659341,-122.96465384615384,2017-10-15,20:00:00
42.7615,-105.3952,2017-10-15,20:15:00
33.90644305555556,-84.8427138888889,2017-10-15,20:30:00
28.51220019430052,-81.37852415803108,2017-10-15,22:40:00
36.08381055958792,-79.83370636853196,2017-10-15,23:18:00
44.7971,-73.5055,2017-10-16,03:45:00
30.71168695652174,-95.5849947826087,2017-10-16,06:15:00
47.41990954773869,-120.30280854271358,2017-10-16,15:52:00
32.354139318885444,-106.7495773993808,2017-10-16,19:40:00
39.6411,-84.0795,2017-10-16,20:00:00
39.177988417987706,-84.48937313706459,2017-10-16,20:30:00
37.3643,-78.9059,2017-10-16,22:34:00
33.7352,-87.05550000000001,2017-10-17,00:00:00
42.3491,-71.5431,2017-10-17,00:00:00
40.2673,-74.9487,2017-10-17,00:30:00
39.74019963011889,-104.97711054161162,2017-10-17,01:00:00
30.2459,-90.9158,2017-10-17,02:00:00
39.4567,-76.9696,2017-10-17,09:00:00
39.4567,-76.9696,2017-10-17,09:00:00
40.7982,-100.7073,2017-10-17,06:13:00
44.3901,-72.9559,2017-10-17,10:50:00
42.6493,-84.6507,2017-10-17,09:15:00
45.01848888888889,-93.43775555555555,2017-10-17,11:00:00
33.4048,-82.3964,2017-10-17,12:00:00
41.4852,-81.9292,2017-10-17,14:22:00
41.11538814102564,-73.42460320512821,2017-10-17,15:00:00
44.8372,-92.2885,2017-10-17,17:00:00
37.5588,-76.347,2017-10-17,18:35:00
43.66139999999999,-72.0309,2017-10-17,19:25:00
33.7352,-87.05550000000001,2017-10-17,19:30:00
36.2019,-79.7101,2017-10-17,20:00:00
37.19130910746812,-93.28695318761385,2017-10-17,20:10:00
39.177988417987706,-84.48937313706459,2017-08-24,06:33:00
36.02151851851852,-115.0508150097466,2017-08-30,22:00:00
39.91940856031128,-105.06590700389104,2017-09-03,23:30:00
39.9366,-83.1838,2017-10-09,22:09:00
39.70973333333333,-105.12885,2017-10-10,20:00:00
33.80492083870968,-118.17501277419356,2017-10-21,15:00:00
34.9508,-78.9381,2017-10-22,19:20:00
47.2666,-122.0342,2017-11-15,19:00:00
37.36947142857143,-122.10370285714286,2017-11-17,11:20:00
36.14108444607484,-86.78634372707263,2017-11-26,17:47:00
39.7643074829932,-105.22442108843538,2017-12-02,01:00:00
43.011,-71.9062,2017-12-04,04:40:00
25.80869557522124,-80.14638902654868,2017-12-06,23:15:00
33.916800509683995,-118.343198980632,2017-12-08,18:47:00
46.1303,-112.9752,2017-12-09,20:30:00
39.82978871794872,-105.1123794871795,2017-12-09,21:15:00
39.6733,-110.85819999999998,2017-12-09,21:20:00
33.175644444444444,-86.29446666666666,2017-12-10,00:00:00
29.02436270783848,-80.95564988123516,2017-12-11,20:00:00
35.98736391221891,-78.88665757247358,2017-12-11,23:00:00
35.48469032258065,-80.79911774193548,2017-12-12,16:00:00
43.1604,-88.1173,2017-12-13,01:00:00
35.5915,-87.3251,2017-12-13,21:00:00
45.658570363636365,-122.59014654545454,2017-12-13,21:00:00
36.9102,-121.75639948542025,2017-12-13,21:45:00
45.49789166666666,-122.41613166666666,2017-12-14,03:45:00
33.481415080191624,-86.79047456779837,2017-12-14,03:47:00
32.82456242621616,-96.79876776409526,2017-12-14,04:25:00
33.5385,-82.1408,2017-12-14,05:00:00
41.10134023154848,-85.14958408104197,2017-12-14,09:00:00
35.64812086956521,-105.9435104347826,2017-12-14,19:00:00
38.87714691753403,-104.76823722978384,2017-12-14,19:45:00
42.763200000000005,-104.4677,2017-12-14,19:50:00
40.55766183035714,-105.06998772321428,2017-12-14,19:55:00
42.0963,-73.3632,2017-09-09,07:00:00
39.5169,-77.1064,2017-09-24,16:30:00
41.53309333333333,-72.80059523809524,2017-10-09,00:00:00
32.6064,-83.2095,2017-10-13,08:10:00
40.92735715630885,-98.37941629001882,2017-10-21,14:00:00
39.99382762603116,-82.98248417965169,2017-10-24,12:15:00
38.9938,-121.3703,2017-10-24,14:50:00
33.5409,-117.7846,2017-10-26,18:40:00
35.83034125381857,-78.64303134546421,2017-11-03,03:40:00
29.782476507000737,-95.44062368459838,2017-11-05,00:00:00
41.7241,-71.2657,2017-11-11,21:00:00
40.7015,-73.8422,2017-11-12,00:00:00
33.52016370967742,-104.44226854838708,2017-11-13,19:00:00
28.28399440905874,-81.43865647558387,2017-11-18,18:00:00
41.47122005873052,-81.64465288005421,2017-11-19,13:00:00
38.4374,-121.8122,2017-11-19,19:00:00
34.7315,-98.5038,2017-11-20,23:00:00
29.06218988764045,-82.40577528089887,2017-11-21,01:00:00
34.04364759232729,-118.29956048233046,2017-11-21,14:00:00
33.96426005089059,-84.5161530534351,2017-11-21,18:00:00
42.9967,-78.19690000000001,2017-11-21,21:00:00
35.56,-95.6543,2017-11-21,23:00:00
41.6393,-92.024,2017-11-21,23:00:00
34.26018571428572,-85.16744285714286,2017-11-22,11:00:00
36.9745,-121.9548,2017-11-22,19:42:00
38.286499613899615,-104.6427362934363,2017-11-22,15:31:00
46.62742905982906,-112.01273504273504,2017-11-22,20:23:00
41.6868,-72.7248,2017-11-22,21:00:00
41.6868,-72.7248,2017-11-22,21:00:00
34.3556,-119.0701,2017-11-22,22:00:00
41.3222,-80.7443,2017-11-22,22:00:00
47.0773,-122.3921,2017-11-22,23:41:00
42.07930900473933,-71.03448436018958,2017-11-23,02:00:00
37.764664814814815,-122.25949814814815,2017-11-23,03:50:00
37.68856580310881,-77.5423481865285,2017-11-23,15:30:00
37.97232249560633,-121.2879253075571,2017-11-23,17:20:00
41.202570129870125,-73.12647402597403,2017-11-23,18:15:00
33.726170703764325,-116.37767184942716,2017-11-23,19:00:00
38.9705,-76.8388,2017-11-23,19:00:00
47.9519,-117.4735,2017-11-23,19:11:00
39.0968,-84.1488,2017-10-17,20:15:00
38.804,-90.85339999999998,2017-10-17,20:20:00
39.0454,-83.948,2017-10-17,20:30:00
35.04807470119522,-85.24838386454184,2017-10-17,20:30:00
38.9418,-84.0877,2017-10-17,20:45:00
61.101,-146.9,2017-10-17,21:46:00
31.722700000000003,-83.2559,2017-10-18,00:00:00
45.411819626168224,-122.70611869158878,2017-10-18,01:00:00
41.0128,-89.4624,2017-10-18,02:00:00
37.4403,-100.0046,2017-10-18,02:30:00
26.631337131630648,-81.98813163064834,2017-10-18,07:00:00
39.854,-75.7044,2017-10-18,15:00:00
41.82279600760456,-71.41598269961978,2017-10-18,18:00:00
39.0682,-120.7224,2017-10-18,19:10:00
38.45138402854006,-90.33497667398464,2017-10-18,19:15:00
33.7352,-87.05550000000001,2017-10-18,19:16:00
32.98864905362776,-80.18359558359622,2017-10-18,19:20:00
34.74032207792207,-92.36947217068644,2017-10-18,19:20:00
29.997903883495145,-90.16908883495148,2017-10-18,19:45:00
33.4485,-82.2011,2017-10-18,21:00:00
34.041311190233976,-80.97791691251273,2017-10-18,22:00:00
43.616678125,-72.96403125,2017-10-18,22:35:00
44.05453839285714,-121.32883875,2017-10-19,00:00:00
41.600167631851086,-93.61721323681488,2017-10-19,01:15:00
39.09501080851064,-94.56549749787231,2017-10-19,02:57:00
40.6979,-112.08650000000002,2017-10-19,23:25:00
41.428804,-105.656429,2017-12-14,20:10:00
40.332,-104.8538,2017-12-14,20:30:00
38.7416,-112.0731,2017-12-14,21:50:00
27.9773,-80.5788,2017-12-14,22:00:00
36.2699,-80.2267,2017-12-14,22:15:00
36.2699,-80.2267,2017-12-14,22:15:00
39.02527009516837,-94.70468620058566,2017-12-14,22:45:00
38.84952231404959,-76.80444752066116,2017-12-14,23:08:00
38.84952231404959,-76.80444752066116,2017-12-14,23:08:00
34.223465703634666,-118.52797418452936,2017-12-15,02:45:00
39.6065,-89.5709,2017-12-15,03:30:00
26.631337131630648,-81.98813163064834,2017-12-15,04:00:00
19.9724,-155.818,2017-12-15,05:00:00
32.77283956043956,-117.01746483516484,2017-12-15,06:45:00
33.1713,-82.1882,2017-12-15,18:20:00
38.36,-86.9286,2017-12-15,18:50:00
37.06940983606557,-94.50713073770493,2017-12-15,20:00:00
40.5319,-81.4726,2017-12-16,02:00:00
20.7616,-156.0397,2017-12-16,06:37:00
27.9773,-80.5788,2017-12-16,08:15:00
28.24330525920361,-82.70653816679189,2017-12-16,17:15:00
42.055,-124.2803,2017-12-16,19:30:00
41.9928923857868,-91.66164390862944,2017-12-17,01:35:00
39.6491,-75.5155,2017-12-17,05:15:00
27.98892239234449,-80.63985923444976,2017-12-17,16:00:00
28.36260391822828,-80.71668211243612,2017-12-17,18:30:00
37.68325284974093,-122.46628704663212,2017-12-17,18:54:00
40.70897189097104,-111.8891066439523,2017-12-17,19:20:00
38.794262913096695,-77.09885924112608,2017-12-17,19:24:00
27.2366,-80.2271,2017-12-17,21:00:00
28.77453747311828,-81.2850277419355,2017-12-17,21:00:00
38.8121,-94.534,2017-12-17,21:00:00
43.7537,-87.9757,2017-12-18,00:00:00
43.60549990147784,-116.2386509359606,2017-12-18,00:24:00
40.3072,-88.1445,2017-07-04,21:50:00
39.70973333333333,-105.12885,2017-11-07,18:00:00
39.11695146443515,-77.56854142259415,2017-11-26,17:26:00
43.52851947483589,-96.73377899343544,2017-12-04,17:00:00
43.60549990147784,-116.2386509359606,2017-12-06,03:30:00
36.111605596107054,-95.93798929440388,2017-12-07,20:00:00
44.66185588235294,-90.1790711764706,2017-12-07,21:00:00
43.04821654894046,-76.1627438950555,2017-12-08,00:45:00
47.6635,-117.216075,2017-12-08,03:00:00
41.4866,-81.8037,2017-12-08,06:40:00
35.3092,-106.5293,2017-12-08,08:45:00
39.3888,-76.4988,2017-12-08,16:34:00
43.10260156739812,-75.23323396029258,2017-12-08,17:00:00
34.13173,-118.03817,2017-12-08,19:30:00
41.05763125,-75.150434375,2017-12-08,20:30:00
41.9077,-122.5265,2017-12-08,21:00:00
33.96426005089059,-84.5161530534351,2017-12-08,21:08:00
35.1955,-93.1873,2017-12-09,03:05:00
36.06984931984653,-80.2626891873038,2017-12-09,04:30:00
40.57570363196125,-122.36129370460048,2017-12-09,12:00:00
41.14267502095557,-104.80770083822296,2017-12-09,16:45:00
46.33429999999999,-111.491,2017-12-09,18:00:00
45.79417254901961,-108.5628480392157,2017-12-09,18:30:00
45.658570363636365,-122.59014654545454,2017-11-23,19:32:00
42.077000000000005,-87.7209,2017-11-23,21:39:00
30.391026046511627,-90.05577627906978,2017-11-23,22:00:00
37.80357826086957,-121.21722086956522,2017-11-24,00:10:00
33.587727468785474,-111.8958216799092,2017-11-24,04:00:00
35.949673017170895,-84.01413319705642,2017-11-24,10:47:00
39.62469899999999,-75.835076,2017-11-24,16:20:00
35.7705,-78.2057,2017-11-24,17:20:00
36.81995421052631,-76.08601184210526,2017-11-24,17:25:00
38.4654,-75.1573,2017-11-24,17:25:00
36.86325715532286,-76.50853184991274,2017-11-24,17:27:00
36.5075,-78.5679,2017-11-24,17:30:00
39.7617,-76.6715,2017-11-24,17:45:00
38.794262913096695,-77.09885924112608,2017-11-24,18:00:00
42.1186,-70.9576,2017-11-24,18:55:00
27.2366,-80.2271,2017-11-24,19:16:00
34.06627839285714,-84.26729642857143,2017-11-25,00:32:00
33.93092423698384,-117.23654811490124,2017-11-25,06:39:00
26.631337131630648,-81.98813163064834,2017-11-25,09:42:00
39.78466012861736,-89.66887813504823,2017-11-25,15:02:00
39.070945406824144,-77.14350236220473,2017-11-25,16:30:00
36.14108444607484,-86.78634372707263,2017-11-25,18:00:00
37.5964,-98.1304,2017-11-25,18:40:00
26.45425432525952,-80.11988166089967,2017-11-25,20:20:00
33.50378574057038,-112.077080174793,2017-11-25,20:48:00
34.3768,-118.5208,2017-11-25,21:05:00
28.025517495711835,-81.7280998284734,2017-11-25,23:35:00
44.5221520367183,-88.02955502008031,2017-11-25,00:00:00
43.30371818181818,-70.9738025974026,2017-11-26,16:16:00
33.50378574057038,-112.077080174793,2017-11-26,16:35:00
34.700514,-86.75859399999999,2017-11-26,17:35:00
33.50378574057038,-112.077080174793,2017-11-26,18:15:00
40.55766183035714,-105.06998772321428,2017-11-26,18:30:00
33.2487,-111.6343,2017-12-18,19:45:00
33.2487,-111.6343,2017-12-18,20:00:00
33.2487,-111.6343,2017-12-18,20:00:00
26.8238,-80.1407,2017-12-18,21:00:00
40.72474261083744,-74.06297906403941,2017-12-19,00:00:00
41.46121155778894,-87.06813417085428,2017-12-18,23:52:00
42.75867142857143,-83.27344126984127,2017-12-19,02:30:00
38.62830352112676,-121.33068873239436,2017-12-19,03:00:00
39.3408,-76.4078,2017-12-19,17:20:00
42.38908527607362,-71.10177791411043,2017-12-19,17:30:00
36.0571,-86.6729,2017-12-19,19:30:00
39.67027989690722,-75.72071108247422,2017-12-19,20:00:00
34.3369,-82.0867,2017-12-19,20:45:00
44.0438,-92.631,2017-12-19,21:30:00
44.2541,-68.5565,2017-12-20,04:48:00
37.7548,-84.2985,2017-12-20,18:30:00
38.576237102734666,-121.44233422025128,2017-12-20,20:05:00
45.510005224458205,-122.66458212074302,2017-12-20,20:45:00
44.9155,-94.1956,2017-12-20,21:00:00
37.5783,-84.2741,2017-12-20,22:14:00
47.60567891170866,-122.33084005928434,2017-12-20,23:00:00
41.1997,-73.4343,2017-12-21,01:35:00
47.035427578475336,-122.89460784753363,2017-12-21,04:12:00
29.49234812109108,-98.5189290376833,2017-12-21,06:00:00
38.90766800934034,-77.02597466433159,2017-12-21,06:24:00
41.8872,-72.1436,2017-12-21,06:25:00
35.83034125381857,-78.64303134546421,2017-12-21,14:15:00
33.7346,-81.0935,2017-12-09,19:30:00
45.803,-112.809,2017-12-09,19:50:00
38.1228,-92.2995,2017-12-09,20:00:00
37.9192,-90.5508,2017-12-09,20:15:00
37.71128620689655,-89.21377310344828,2017-12-09,20:15:00
45.79417254901961,-108.5628480392157,2017-12-09,20:18:00
46.62742905982906,-112.01273504273504,2017-12-09,20:23:00
44.7561,-108.7773,2017-12-09,20:30:00
43.2457,-108.1007,2017-12-09,20:30:00
38.1215,-90.553,2017-12-09,20:30:00
37.9475,-91.7636,2017-12-09,20:30:00
37.6807,-92.6583,2017-12-09,20:30:00
45.6542,-110.5603,2017-12-09,20:30:00
38.4365,-92.8258,2017-12-09,20:30:00
39.74019963011889,-104.97711054161162,2017-12-09,20:40:00
39.40136231884058,-104.86645797101448,2017-12-09,20:45:00
36.0491,-106.07210000000002,2017-12-09,20:50:00
39.74019963011889,-104.97711054161162,2017-12-09,20:55:00
39.67145672955974,-104.79753396226415,2017-12-09,20:58:00
40.0222423857868,-105.25553350253809,2017-12-09,21:00:00
39.40136231884058,-104.86645797101448,2017-12-09,21:00:00
39.74019963011889,-104.97711054161162,2017-12-09,21:00:00
38.87714691753403,-104.76823722978384,2017-12-09,21:00:00
39.6313,-106.5108,2017-12-09,21:15:00
39.6313,-106.5108,2017-12-09,21:15:00
37.4189,-88.8907,2017-12-09,21:20:00
39.7645,-99.3371,2017-12-09,21:20:00
39.578431478770135,-105.02727086383602,2017-12-09,21:50:00
37.1457,-113.36150000000002,2017-12-09,22:00:00
40.75256378421113,-73.9844567179912,2017-12-10,00:30:00
43.058,-85.69,2017-11-26,18:45:00
40.91833592814371,-73.78718323353293,2017-11-26,19:30:00
39.68238896551724,-84.15921517241381,2017-11-26,21:00:00
43.10260156739812,-75.23323396029258,2017-11-26,21:30:00
47.0773,-122.3921,2017-11-27,01:30:00
27.7045,-82.4338,2017-11-27,05:40:00
41.1393,-73.7012,2017-11-26,23:40:00
35.6777755859375,-88.8267119140625,2017-11-27,08:30:00
40.444534542102026,-79.97341339889367,2017-11-27,08:55:00
33.2973,-86.661,2017-11-27,11:20:00
35.04807470119522,-85.24838386454184,2017-11-27,15:45:00
33.96175897166842,-81.23462046169989,2017-11-27,17:30:00
34.3562,-85.9246,2017-11-27,18:00:00
35.83034125381857,-78.64303134546421,2017-11-27,18:53:00
39.013604645476775,-77.4194728606357,2017-11-27,19:45:00
36.4053,-94.9109,2017-11-27,21:00:00
30.29189253731344,-89.8071303934871,2017-11-27,22:39:00
44.074296798029565,-92.44045197044336,2017-11-27,23:00:00
42.2397,-71.8706,2017-11-27,23:30:00
42.8482,-73.7863,2017-11-28,14:50:00
42.1158,-72.0871,2017-11-28,20:20:00
38.576237102734666,-121.44233422025128,2017-11-28,20:43:00
43.2034,-71.2029,2017-11-28,21:10:00
39.99040941529236,-75.15250992503748,2017-11-29,04:25:00
37.9985,-121.8878,2017-11-29,06:25:00
42.9967,-78.19690000000001,2017-11-29,06:45:00
39.9392,-83.2825,2017-11-29,07:45:00
41.92435549450549,-70.64486428571429,2017-11-29,08:59:00
40.48819007633588,-74.45440305343512,2017-11-29,10:46:00
40.793905494505495,-74.48757582417582,2017-11-29,19:46:00
44.9947,-123.0147,2017-11-29,20:21:00
39.488261177007296,-119.79257039233578,2017-11-29,20:30:00
35.487477941176465,-81.17570558823529,2017-11-29,22:40:00
43.06727005589566,-89.37563939313281,2017-11-30,13:30:00
35.03850676020408,-78.94700994897958,2017-11-30,17:25:00
30.29747071057192,-81.63802726747545,2017-11-30,17:57:00
35.1295,-106.0283,2017-11-30,18:25:00
42.1719,-72.4721,2017-11-30,19:00:00
42.64713018867925,-83.49646226415095,2017-11-04,19:45:00
36.86378631578948,-87.48654631578948,2017-11-20,17:40:00
45.510005224458205,-122.66458212074302,2017-11-23,19:00:00
27.90595,-82.28720875486381,2017-12-01,19:00:00
40.8352,-73.0434,2017-12-03,03:20:00
33.4308,-79.3235,2017-12-04,17:00:00
34.13173,-118.03817,2017-12-04,18:15:00
29.90378012618296,-81.38834889589906,2017-12-04,21:15:00
43.52851947483589,-96.73377899343544,2017-12-04,21:40:00
44.8499,-122.94620000000002,2017-12-04,22:30:00
42.80162137042063,-73.93583242876527,2017-12-04,22:56:00
26.716732876712328,-81.8659904109589,2017-12-05,06:35:00
27.28487070938215,-80.36743913043478,2017-12-05,08:12:00
27.15972983870968,-80.21501854838709,2017-12-05,18:45:00
36.8219,-116.605,2017-12-05,19:00:00
37.7533,-100.02299999999998,2017-12-05,20:00:00
44.0444,-89.0982,2017-12-05,22:00:00
37.31775714285714,-122.0439,2017-12-05,22:00:00
45.9937,-123.9243,2017-12-06,09:12:00
45.510005224458205,-122.66458212074302,2017-12-06,16:30:00
45.510005224458205,-122.66458212074302,2017-12-06,22:50:00
41.1285,-78.7494,2017-12-06,23:45:00
40.11620290237467,-88.26335751978891,2017-12-07,11:00:00
39.90200394736842,-74.99446842105263,2017-12-07,16:00:00
44.3476,-89.1116,2017-12-07,16:55:00
42.3181,-72.692,2017-12-07,17:00:00
47.37895625,-122.220740625,2017-12-07,17:20:00
36.111605596107054,-95.93798929440388,2017-12-07,20:00:00
44.5235988005997,-89.55720134932534,2017-12-07,20:40:00
44.2363,-88.8514,2017-12-07,21:15:00
44.9241,-123.3248,2017-12-07,22:00:00
29.782476507000737,-95.44062368459838,2017-12-07,22:10:00
25.48439189189189,-80.45163749999999,2017-11-30,21:45:00
32.67538985507247,-117.09240144927536,2017-11-30,22:20:00
39.5523,-104.88830000000002,2017-11-30,22:45:00
61.57892189781022,-149.4223773722628,2017-12-01,01:00:00
36.7458324742268,-76.30021237113402,2017-12-01,04:00:00
43.60549990147784,-116.2386509359606,2017-12-01,04:00:00
40.91833592814371,-73.78718323353293,2017-12-01,17:00:00
39.78466012861736,-89.66887813504823,2017-12-01,17:05:00
45.3134,-93.5809,2017-12-01,19:00:00
42.24740421940928,-84.40032362869199,2017-12-01,19:35:00
39.159928172043,-86.53162731182796,2017-12-01,20:50:00
40.1396,-95.8298,2017-12-02,00:00:00
39.53327810218978,-76.34373795620438,2017-12-02,03:00:00
39.386,-76.54,2017-12-02,03:15:00
42.9709,-77.5821,2017-12-02,03:20:00
38.9479829105474,-92.33776742323096,2017-12-02,04:00:00
38.69716126126127,-121.29285045045046,2017-12-02,06:00:00
35.4986,-86.0848,2017-12-02,08:30:00
44.074296798029565,-92.44045197044336,2017-12-02,15:30:00
44.80983863636364,-73.0915931818182,2017-12-02,18:30:00
36.7445,-84.1399,2017-12-02,22:00:00
26.57449479326187,-81.84195007656969,2017-12-02,22:40:00
38.87604944099379,-77.10110919254659,2017-12-03,17:40:00
41.0213,-73.6781,2017-12-03,19:55:00
39.99040941529236,-75.15250992503748,2017-12-03,00:00:00
34.94255902255639,-81.03261992481202,2017-12-04,06:24:00
34.6498,-82.4653,2017-12-04,07:15:00
45.1047,-122.8962,2017-12-04,13:00:00
41.6099,-87.6544,2017-06-20,13:30:00
34.72018927835051,-118.15808103092785,2017-09-10,22:00:00
38.2812,-112.63169999999998,2017-11-26,11:44:00
41.1605,-76.1192,2017-12-02,03:00:00
40.5928,-76.1373,2017-12-07,18:00:00
34.002008987161204,-81.08835706134094,2017-12-09,02:30:00
45.2319,-112.6427,2017-12-09,20:00:00
45.6753,-108.7682,2017-12-09,20:45:00
39.03880728476821,-95.69556456953642,2017-12-09,21:00:00
29.724979957050824,-98.0845011453114,2017-12-09,21:30:00
36.03550795454545,-95.78918181818182,2017-12-09,21:30:00
40.804074301940375,-96.66960586843352,2017-12-10,00:00:00
45.510005224458205,-122.66458212074302,2017-12-10,00:30:00
35.17297377850163,-101.87348175895764,2017-12-10,03:00:00
37.495994930875575,-120.85480748847928,2017-12-10,17:37:00
37.36503118062564,-121.96226357214934,2017-12-10,18:00:00
40.70897189097104,-111.8891066439523,2017-12-10,18:50:00
29.49234812109108,-98.5189290376833,2017-12-10,20:40:00
33.6527,-117.5953,2017-12-10,22:50:00
47.90697151898735,-97.04581962025316,2017-12-10,23:43:00
35.85035369774919,-83.52742893890675,2017-12-11,14:38:00
33.2487,-111.6343,2017-12-11,18:00:00
35.64315569105691,-78.43522032520326,2017-12-11,19:00:00
33.19316581196581,-111.53355213675214,2017-12-11,19:30:00
47.6922,-121.3713,2017-12-11,22:00:00
32.8484203517588,-83.68054547738694,2017-12-11,22:15:00
43.613,-111.12359999999998,2017-12-11,22:15:00
44.074296798029565,-92.44045197044336,2017-12-12,03:30:00
26.57449479326187,-81.84195007656969,2017-12-12,05:58:00
38.442850156739816,-122.71911818181816,2017-12-12,06:14:00
35.46855529225908,-97.53461224328592,2017-12-12,11:00:00
43.8994,-89.8203,2017-12-12,16:20:00
30.1491,-94.3733,2017-12-12,18:00:00
33.1013,-81.99079999999998,2017-12-12,18:25:00
26.631337131630648,-81.98813163064834,2017-12-12,19:00:00
32.83618741746148,-117.16250519075568,2017-12-12,20:00:00
29.49234812109108,-98.5189290376833,2017-12-12,18:50:00
35.2147,-79.2426,2017-12-12,22:00:00
35.03850676020408,-78.94700994897958,2017-12-13,00:56:00
38.8024,-94.45369999999998,2017-12-13,01:13:00
35.9698,-86.5061,2017-12-13,11:30:00
26.730707407407408,-81.43386296296296,2017-12-13,14:00:00
34.5621,-80.5524,2017-12-13,14:00:00
34.71606653144016,-86.59605050709939,2017-12-13,17:30:00
34.8049,-85.246,2017-12-13,20:30:00
25.80869557522124,-80.14638902654868,2017-12-13,20:30:00
35.83921354581673,-86.42067689243028,2017-12-13,21:15:00
45.79417254901961,-108.5628480392157,2017-12-13,22:30:00
44.5548,-68.4121,2017-12-13,22:50:00
40.57570363196125,-122.36129370460048,2017-12-14,00:00:00
35.98736391221891,-78.88665757247358,2017-12-14,05:00:00
61.6303,-148.9872,2017-10-18,08:00:00
34.5006,-83.259,2017-10-25,06:50:00
41.852677464788734,-90.2067647887324,2017-11-01,18:45:00
34.4981,-110.0814,2017-11-05,18:15:00
41.9345,-80.5803,2017-11-10,20:00:00
38.7369,-108.0651,2017-11-15,00:30:00
27.90595,-82.28720875486381,2017-11-16,17:15:00
43.991,-124.093,2017-11-16,20:45:00
43.991,-124.093,2017-11-16,20:45:00
36.0908,-76.6224,2017-11-17,17:00:00
39.2156,-74.7068,2017-11-17,17:30:00
37.3097,-121.0805,2017-11-17,17:51:00
33.80492083870968,-118.17501277419356,2017-11-18,01:00:00
38.99040670103093,-77.12202938144331,2017-11-18,01:04:00
34.09813175675676,-118.08913851351352,2017-11-18,01:45:00
44.94494771241831,-123.01479150326796,2017-11-18,16:30:00
34.27601112426035,-118.7448327810651,2017-11-18,17:29:00
36.02151851851852,-115.0508150097466,2017-11-18,17:29:00
39.94565205479452,-74.90498835616438,2017-11-18,17:50:00
34.30780632339657,-119.29004959349592,2017-11-18,19:26:00
47.149114814814816,-122.28930879629628,2017-11-18,21:30:00
47.035427578475336,-122.89460784753363,2017-11-18,22:50:00
33.834235557331205,-117.88519912105474,2017-11-19,02:39:00
39.1667,-121.5048,2017-11-19,12:00:00
42.10967472527473,-71.86421538461539,2017-11-19,15:00:00
43.1604,-88.1173,2017-11-19,17:50:00
43.616678125,-72.96403125,2017-11-19,20:00:00
30.5464,-83.1354,2017-11-19,20:00:00
44.94494771241831,-123.01479150326796,2017-11-19,20:33:00
34.0239,-118.172,2017-11-19,21:32:00
42.23365,-72.22755,2017-11-20,00:00:00
38.4374,-121.8122,2017-11-20,02:15:00
41.039,-81.7381,2017-11-20,05:30:00
33.44652650602409,-117.62985903614458,2017-11-20,16:00:00
44.6743,-103.8451,2017-11-20,17:00:00
33.4882,-80.485,2017-11-20,19:00:00
44.6902,-69.8252,2017-11-20,20:00:00
29.597214838709675,-90.72972258064516,2017-11-20,21:00:00
40.6368,-104.7666,2017-11-21,11:00:00
42.9827,-70.9472,2017-11-21,12:55:00
39.78466012861736,-89.66887813504823,2017-11-21,20:30:00
39.79517727272727,-76.97984431818182,2017-11-21,22:00:00
43.30371818181818,-70.9738025974026,2017-11-21,23:30:00
34.04364759232729,-118.29956048233046,2017-11-22,05:35:00
40.9165,-81.1174,2017-09-08,19:00:00
39.495717582417576,-104.80772490842492,2017-09-09,19:30:00
41.42515737704918,-87.35668524590163,2017-10-04,21:00:00
40.444534542102026,-79.97341339889367,2017-10-22,23:00:00
39.99382762603116,-82.98248417965169,2017-10-23,00:15:00
35.09131569767442,-114.57903546511628,2017-11-03,20:00:00
42.2123,-70.9619,2017-11-04,01:06:00
39.80464175369887,-86.13773687989556,2017-10-25,11:30:00
42.50862527472528,-71.19821868131868,2017-11-07,16:30:00
30.42395904255319,-91.1015675531915,2017-11-07,23:00:00
41.0681,-75.4433,2017-11-08,17:00:00
41.784557627118645,-72.52648474576272,2017-11-08,17:15:00
38.47002,-93.19602,2017-11-08,17:30:00
27.28487070938215,-80.36743913043478,2017-05-17,23:45:00
40.6884675,-111.53126,2017-02-13,09:20:00
42.3775,-71.9453,2017-11-08,22:00:00
33.67704025974026,-85.79742987012987,2017-11-09,15:00:00
35.8525,-84.6833,2017-11-09,16:00:00
41.8478,-88.3075,2017-11-09,16:20:00
43.098,-73.5046,2017-11-09,17:30:00
27.78995160032827,-82.68007476405417,2017-11-09,19:30:00
44.80983863636364,-73.0915931818182,2017-11-09,21:30:00
30.42395904255319,-91.1015675531915,2017-11-09,22:45:00
35.36754774947328,-119.04930197280216,2017-11-10,17:40:00
46.87764227005871,-114.02785929549904,2017-11-10,18:00:00
42.9135,-87.8556,2017-11-10,19:10:00
39.99040941529236,-75.15250992503748,2017-11-10,20:30:00
40.528,-104.7181,2017-11-10,20:30:00
41.76374653846154,-72.68602230769231,2017-11-10,21:17:00
42.2726,-84.1901,2017-11-10,21:20:00
38.67110000000001,-121.1495,2017-11-10,22:45:00
34.077107643312104,-84.63189617834394,2017-11-10,23:00:00
45.6542,-110.5603,2017-11-11,00:00:00
42.2878,-71.3587,2017-11-11,03:30:00
46.87764227005871,-114.02785929549904,2017-11-11,07:30:00
46.87764227005871,-114.02785929549904,2017-11-11,08:03:00
32.250178747846064,-110.93932423894314,2017-11-11,13:26:00
40.717,-74.9146,2017-11-11,17:00:00
42.77624045801527,-71.08779694656488,2017-11-11,17:15:00
39.99040941529236,-75.15250992503748,2017-11-11,18:40:00
32.83618741746148,-117.16250519075568,2017-11-11,19:00:00
34.11927871747211,-118.25968125774472,2017-11-11,20:00:00
47.4797,-121.7505,2017-11-11,21:00:00
41.42515737704918,-87.35668524590163,2017-11-11,23:05:00
35.117007033898304,-106.62212966101694,2017-11-12,01:00:00
36.7637,-108.5186,2017-11-12,07:34:00
34.7720725,-112.47265125,2017-11-12,10:00:00
40.3658,-105.5142,2017-11-12,17:40:00
39.91940856031128,-105.06590700389104,2017-11-12,18:00:00
30.18953734177215,-85.64826772151899,2017-11-12,19:03:00
40.3348,-104.9238,2017-11-13,17:30:00
41.5407,-89.6135,2017-07-16,23:00:00
35.55227058371736,-82.52788609831029,2017-08-23,14:30:00
33.2874,-111.0924,2017-08-30,00:00:00
35.28161403508772,-106.6941245614035,2017-09-01,21:00:00
39.2236,-106.9279,2017-09-20,04:00:00
39.8845,-104.9861,2017-09-23,19:00:00
36.3923,-105.5822,2017-10-01,20:15:00
42.9794,-70.8232,2017-10-10,09:30:00
38.9561,-84.2455,2017-10-13,00:00:00
40.2827,-104.7824,2017-10-15,06:00:00
37.9831,-92.5503,2017-10-14,21:00:00
40.444534542102026,-79.97341339889367,2017-10-15,02:00:00
38.87714691753403,-104.76823722978384,2017-10-15,10:00:00
45.5981,-123.1818,2017-10-16,20:10:00
43.30371818181818,-70.9738025974026,2017-10-17,17:10:00
38.22153870454997,-85.66253357838266,2017-10-17,18:27:00
41.7681,-73.0665,2017-10-17,18:30:00
33.397444536082475,-111.92468515463918,2017-10-17,21:30:00
39.488261177007296,-119.79257039233578,2017-10-18,05:10:00
61.6303,-148.9872,2017-10-18,09:00:00
40.7434,-73.0761,2017-10-18,15:00:00
40.0691,-76.5606,2017-10-18,20:00:00
40.6774,-80.6006,2017-10-18,21:00:00
34.9251,-80.7278,2017-10-18,21:40:00
40.1194,-87.2563,2017-10-18,22:00:00
28.36252350230415,-82.67104562211982,2017-10-19,11:00:00
26.00548157602664,-80.24976748057713,2017-10-19,13:17:00
39.0778,-84.0392,2017-10-19,20:00:00
33.3397,-80.1868,2017-10-19,20:15:00
39.0778,-84.0392,2017-10-19,20:15:00
38.7947,-82.9286,2017-10-19,20:15:00
32.9728,-117.0379,2017-10-19,20:20:00
26.9378171875,-82.3262234375,2017-10-19,21:00:00
37.76960492572322,-122.42365559030492,2017-10-20,01:00:00
28.00877654729869,-82.4813833471331,2017-10-20,03:30:00
44.54,-70.5627,2017-10-20,07:30:00
37.06292549019608,-120.86264823529412,2017-10-20,08:00:00
30.442091752577323,-97.63386020618556,2017-11-13,19:00:00
30.179,-96.595,2017-11-13,19:30:00
34.700514,-86.75859399999999,2017-11-13,21:00:00
33.20282754716981,-87.52996377358491,2017-11-13,23:00:00
38.36414785276074,-121.96917116564418,2017-11-13,23:34:00
40.5365,-74.5962,2017-11-14,07:35:00
41.08539760956176,-111.9539466135458,2017-11-14,13:00:00
37.373173140495865,-122.02113491735535,2017-11-14,17:35:00
38.576237102734666,-121.44233422025128,2017-11-14,20:00:00
33.19316581196581,-111.53355213675214,2017-11-14,20:25:00
32.250178747846064,-110.93932423894314,2017-11-14,22:30:00
37.65732343522562,-120.98715909752548,2017-11-15,00:05:00
32.83618741746148,-117.16250519075568,2017-11-15,14:00:00
33.80739280821918,-117.31697534246577,2017-11-15,16:30:00
32.83618741746148,-117.16250519075568,2017-11-15,18:30:00
35.48469032258065,-80.79911774193548,2017-11-15,19:00:00
35.5092,-78.3496,2017-11-15,20:25:00
33.290955743243245,-111.84674712837838,2017-11-15,21:00:00
39.73445726170668,-84.17540109341573,2017-11-15,22:00:00
39.1642,-84.2356,2017-11-16,00:15:00
41.600167631851086,-93.61721323681488,2017-11-16,08:20:00
39.7184,-82.6073,2017-11-16,17:00:00
30.45904366197183,-88.95449389671361,2017-11-16,20:00:00
32.99422105263158,-111.96424210526315,2017-11-16,20:30:00
35.55227058371736,-82.52788609831029,2017-11-16,22:00:00
33.71258733572282,-78.93877275985663,2017-11-16,23:00:00
36.1683,-80.3782,2017-11-16,23:00:00
37.9845,-122.1355,2017-11-17,13:17:00
33.71258733572282,-78.93877275985663,2017-11-17,23:31:00
41.744,-74.1067,2017-10-20,08:35:00
33.1939,-86.7916,2017-10-20,11:00:00
42.7087,-73.1987,2017-10-20,13:10:00
41.91214,-83.4667,2017-10-20,15:00:00
40.75256378421113,-73.9844567179912,2017-10-20,16:00:00
32.8616,-85.2161,2017-10-20,18:30:00
43.3238,-73.6772,2017-10-20,19:00:00
35.6437247887324,-97.48034028169012,2017-10-20,19:40:00
30.14638380952381,-81.7518980952381,2017-10-20,21:20:00
40.76425,-73.93074999999999,2017-10-20,21:29:00
33.9466050728863,-83.40942647230321,2017-10-21,01:50:00
44.9582,-73.5826,2017-10-21,06:20:00
40.37550812720848,-86.8806406360424,2017-10-21,08:05:00
40.8108,-73.3667,2017-10-21,10:30:00
33.34541739130435,-105.6548347826087,2017-10-21,11:12:00
38.576237102734666,-121.44233422025128,2017-10-21,11:30:00
34.1049,-117.8132,2017-10-21,19:20:00
33.83592379227053,-116.53104963768116,2017-10-21,19:52:00
42.2316,-83.2659,2017-10-21,20:45:00
46.80314615384615,-100.76674423076923,2017-10-21,21:00:00
39.98083545816733,-74.1926689243028,2017-10-21,21:01:00
36.06984931984653,-80.2626891873038,2017-10-21,21:31:00
39.9072,-82.7553,2017-10-21,22:05:00
40.8957,-121.6603,2017-10-21,22:10:00
40.7595,-86.3596,2017-10-21,22:15:00
38.22153870454997,-85.66253357838266,2017-10-21,22:40:00
39.4427,-77.5542,2017-10-21,23:00:00
47.37895625,-122.220740625,2017-10-21,23:00:00
47.9039,-122.5657,2017-10-22,05:45:00
33.67704025974026,-85.79742987012987,2017-10-22,18:00:00
34.9508,-78.9381,2017-10-22,19:06:00
33.86201618257262,-118.37128921161826,2017-10-22,20:10:00
30.45904366197183,-88.95449389671361,2017-10-22,20:30:00
34.195675641025645,-118.6466,2017-10-22,20:38:00
32.8402,-104.4058,2017-10-22,20:42:00
38.721,-75.0752,2017-10-22,20:50:00
34.0410939524838,-117.62595593952484,2017-10-22,21:00:00
39.488261177007296,-119.79257039233578,2017-10-21,23:52:00
40.8681,-73.4094,2017-10-22,00:00:00
45.34214193548387,-122.58081720430108,2017-10-22,21:00:00
33.73633090128755,-117.8111025751073,2017-10-22,15:00:00
26.631337131630648,-81.98813163064834,2017-10-22,22:00:00
34.70075740740741,-82.93587037037038,2017-10-22,20:00:00
35.46855529225908,-97.53461224328592,2017-10-22,22:37:00
48.0706,-122.17120403225806,2017-10-22,22:50:00
29.782476507000737,-95.44062368459838,2017-10-23,00:00:00
39.336,-84.3126,2017-10-23,00:30:00
32.91962901234568,-96.55020617283952,2017-10-23,01:02:00
40.0958,-76.1918,2017-10-23,09:00:00
33.7515,-118.36700000000002,2017-10-23,18:30:00
32.83618741746148,-117.16250519075568,2017-10-23,19:00:00
33.64286553191489,-96.61421872340426,2017-10-23,19:15:00
31.78267299625468,-106.3896922284644,2017-10-23,20:00:00
32.9728,-117.0379,2017-10-23,20:15:00
35.301627777777774,-93.08816296296295,2017-10-23,20:30:00
35.9261,-92.6386,2017-10-23,20:50:00
34.71606653144016,-86.59605050709939,2017-10-24,05:15:00
47.64589833333333,-122.53288166666668,2017-10-24,19:30:00
35.6437247887324,-97.48034028169012,2017-10-24,19:59:00
40.1443,-74.7003,2017-10-24,20:00:00
37.9192,-90.5508,2017-10-24,20:10:00
36.0188,-94.0049,2017-10-24,20:30:00
39.1027,-98.2149,2017-10-24,20:30:00
35.084269026548675,-92.43930796460177,2017-10-24,20:45:00
36.0774,-79.088,2017-10-24,20:45:00
34.512540880503146,-117.20698113207548,2017-10-24,21:00:00
47.50043098159509,-111.28546779141104,2017-10-24,22:00:00
41.2205482051282,-73.05817897435898,2017-10-24,22:20:00
44.1496,-72.6544,2017-10-24,22:25:00
32.03694655172414,-81.11708180076629,2017-10-24,22:35:00
36.0744953307393,-94.19101750972762,2017-10-24,23:00:00
35.117007033898304,-106.62212966101694,2017-10-24,23:00:00
29.782476507000737,-95.44062368459838,2017-10-24,23:00:00
30.176662992125983,-82.64592519685038,2017-10-24,23:30:00
40.55766183035714,-105.06998772321428,2017-10-24,23:30:00
46.0112,-122.8166,2017-10-24,00:00:00
38.2828,-122.4677,2017-10-25,02:00:00
35.6777755859375,-88.8267119140625,2017-10-25,03:00:00
33.7883432160804,-84.18558542713568,2017-10-25,06:50:00
42.1158,-72.0871,2017-10-25,18:10:00
40.55766183035714,-105.06998772321428,2017-10-25,19:00:00
29.90378012618296,-81.38834889589906,2017-10-25,20:30:00
38.8726,-83.9069,2017-10-25,21:00:00
36.34446363636364,-94.2461068181818,2017-10-26,01:45:00
33.82100507315219,-84.42299163974918,2017-10-26,11:30:00
38.97155177664975,-95.24955939086294,2017-10-26,13:05:00
30.3167016280526,-97.75799137271272,2017-10-26,16:00:00
35.8498,-79.8058,2017-10-26,17:25:00
32.83618741746148,-117.16250519075568,2017-10-26,18:15:00
28.3299,-82.285,2017-10-26,21:00:00
33.6183,-80.2126,2017-10-26,23:29:00
33.78105065789474,-118.2619605263158,2017-10-26,23:39:00
47.2013,-122.5711,2017-10-27,06:10:00
41.7023,-72.1456,2017-10-27,08:09:00
47.7941,-122.3066,2017-10-27,08:45:00
33.67701690929451,-117.78627312430012,2017-10-27,12:17:00
34.10828510638297,-118.15679361702126,2017-10-27,13:32:00
41.88082154885885,-87.66846953246178,2017-10-27,15:15:00
41.076,-80.5979,2017-10-27,22:00:00
28.22808565400844,-82.1877953586498,2017-10-28,00:00:00
47.60567891170866,-122.33084005928434,2017-10-28,00:30:00
42.5181,-70.899,2017-10-28,04:27:00
40.2363,-75.296,2017-10-28,06:40:00
37.6749127388535,-121.88320063694268,2017-10-28,17:00:00
33.9242,-116.8854,2017-10-28,19:00:00
46.6778,-94.1168,2017-10-28,19:05:00
34.14722788844622,-117.30732642762284,2017-10-28,19:25:00
41.25670279069767,-95.8511223255814,2017-10-28,23:30:00
41.9718,-71.1894,2017-10-29,01:30:00
48.754420967741936,-122.45834543010751,2017-10-29,02:35:00
40.75256378421113,-73.9844567179912,2017-08-04,00:00:00
30.425680672268907,-89.08458403361345,2017-10-11,20:00:00
45.669527315914486,-111.1245971496437,2017-10-22,20:04:00
35.64315569105691,-78.43522032520326,2017-10-26,20:16:00
39.79517727272727,-76.97984431818182,2017-10-28,18:30:00
41.4201,-122.3933,2017-10-29,05:45:00
39.75959083665339,-121.8436545816733,2017-10-29,11:00:00
41.47122005873052,-81.64465288005421,2017-11-01,07:18:00
32.87363290657439,-96.96641245674742,2017-11-03,06:45:00
40.8925,-75.367,2017-11-03,06:49:00
29.49234812109108,-98.5189290376833,2017-11-03,07:10:00
44.0232,-82.9931,2017-11-03,14:38:00
35.83034125381857,-78.64303134546421,2017-11-03,15:30:00
42.35257575982209,-71.06388932542625,2017-11-03,18:35:00
38.6991,-104.7031,2017-11-03,18:57:00
28.51220019430052,-81.37852415803108,2017-11-03,19:20:00
30.29747071057192,-81.63802726747545,2017-11-03,20:24:00
34.02310439560439,-117.8515274725275,2017-11-03,21:05:00
47.50417904191617,-122.61133592814372,2017-11-03,22:00:00
47.50417904191617,-122.61133592814372,2017-11-03,22:00:00
37.6478,-98.723,2017-11-03,22:44:00
45.510005224458205,-122.66458212074302,2017-11-03,23:00:00
44.7818,-93.5165,2017-11-04,00:00:00
34.12962466367713,-117.3902461883408,2017-11-04,03:00:00
40.444534542102026,-79.97341339889367,2017-11-04,12:25:00
41.8663,-72.3744,2017-03-17,00:45:00
36.8986,-104.433,2017-07-27,23:30:00
34.1049,-117.8132,2017-08-20,21:35:00
37.3871,-83.6752,2017-09-03,19:15:00
48.3108,-122.6322,2017-10-29,16:45:00
33.60778421052631,-111.72275789473684,2017-10-29,19:00:00
35.134,-114.641,2017-10-29,23:00:00
46.3414,-85.51960000000001,2017-10-30,00:15:00
35.83921354581673,-86.42067689243028,2017-10-30,01:00:00
41.249867838765006,-96.03637804459692,2017-10-30,03:50:00
35.10718092909536,-80.70546332518337,2017-10-30,09:29:00
40.75256378421113,-73.9844567179912,2017-10-30,11:11:00
43.2151,-124.1984,2017-10-30,22:20:00
35.20391464346695,-80.83452070900073,2017-10-30,22:30:00
44.2657918314256,-88.38856550468262,2017-10-30,22:30:00
33.374170858283435,-84.80018742514969,2017-10-30,22:45:00
30.45904366197183,-88.95449389671361,2017-10-31,00:12:00
41.5086,-72.4459,2017-10-31,00:35:00
33.5637,-83.1702,2017-10-31,18:50:00
37.28017795527157,-79.95790830670927,2017-10-31,19:00:00
36.53557613843352,-82.53851511839709,2017-10-31,19:30:00
42.781489781021904,-71.21471240875911,2017-11-01,06:15:00
46.6382,-122.9658,2017-11-01,07:15:00
33.726170703764325,-116.37767184942716,2017-10-31,19:35:00
40.75256378421113,-73.9844567179912,2017-11-01,20:30:00
43.60549990147784,-116.2386509359606,2017-11-02,02:04:00
40.8859,-81.5734,2017-11-02,21:00:00
41.977,-70.971,2017-11-03,04:00:00
41.4868,-93.6538,2017-11-03,04:15:00
33.67175094035465,-117.90995303600216,2017-11-03,08:15:00
39.74019963011889,-104.97711054161162,2017-11-03,11:01:00
28.0303,-82.7816,2017-11-04,18:00:00
33.806,-116.4624,2017-11-04,18:25:00
35.117007033898304,-106.62212966101694,2017-11-04,19:00:00
33.57951360201511,-112.19445289672544,2017-11-04,21:20:00
39.177988417987706,-84.48937313706459,2017-11-05,17:35:00
33.315533774834435,-111.75197284768213,2017-11-05,19:00:00
33.93092423698384,-117.23654811490124,2017-11-05,19:15:00
38.0913,-91.40779999999998,2017-11-05,20:00:00
44.64194676258992,-123.09791798561152,2017-11-05,21:00:00
33.80492083870968,-118.17501277419356,2017-11-05,21:50:00
37.76960492572322,-122.42365559030492,2017-11-06,00:00:00
32.83618741746148,-117.16250519075568,2017-11-06,07:00:00
42.77624045801527,-71.08779694656488,2017-11-06,15:45:00
42.781489781021904,-71.21471240875911,2017-11-06,18:25:00
34.6831868852459,-82.83152786885246,2017-11-06,18:30:00
25.73728,-80.26858,2017-11-06,19:35:00
35.949673017170895,-84.01413319705642,2017-11-06,20:40:00
43.60549990147784,-116.2386509359606,2017-11-06,22:00:00
40.6539,-81.3036,2017-11-06,22:00:00
40.134504048583,-75.35704574898784,2017-11-06,22:00:00
38.4857,-75.742,2017-11-06,22:00:00
46.62742905982906,-112.01273504273504,2017-11-06,23:50:00
38.286499613899615,-104.6427362934363,2017-11-07,17:15:00
37.8498,-90.4885,2017-11-07,19:35:00
43.06727005589566,-89.37563939313281,2017-11-07,19:35:00
43.9078,-91.0939,2017-11-07,22:35:00
41.249867838765006,-96.03637804459692,2017-11-08,00:45:00
33.50378574057038,-112.077080174793,2017-11-08,02:45:00
41.31806448311157,-81.83472128966223,2017-11-08,17:00:00
41.6742,-72.8694,2017-11-08,20:35:00
40.4038618357488,-105.09342173913043,2017-11-08,20:50:00
38.572,-94.8937,2017-11-09,01:00:00
38.62698880773583,-90.30702881390803,2017-11-09,04:30:00
27.4109,-82.6613,2017-09-15,18:30:00
43.15520328177257,-77.63365150501673,2017-09-16,22:30:00
43.0708,-76.4549,2017-09-17,23:30:00
42.87977316017316,-112.44472380952382,2017-09-22,05:15:00
33.40788678459938,-111.75088054110302,2017-09-21,05:15:00
35.8134,-90.4441,2017-09-24,22:00:00
43.0301,-86.1865,2017-09-25,20:13:00
35.796200000000006,-81.4274,2017-09-25,22:15:00
29.9831,-93.3768,2017-09-26,20:00:00
32.18168387096774,-80.75300201612903,2017-09-26,21:00:00
40.406,-91.3997,2017-09-26,22:45:00
39.4567,-76.9696,2017-09-27,06:50:00
47.149114814814816,-122.28930879629628,2017-09-26,18:30:00
45.1402,-122.861,2017-09-27,22:50:00
41.32269999999999,-73.0814,2017-09-27,23:00:00
39.5264,-84.0812,2017-09-27,23:00:00
31.850150909090907,-111.0196309090909,2017-09-27,23:00:00
36.3445,-82.2015,2017-09-27,23:00:00
42.4125,-71.0034,2017-09-28,02:00:00
38.8075,-94.9157,2017-09-28,05:30:00
41.4852,-81.9292,2017-09-28,06:00:00
41.4852,-81.9292,2017-09-28,06:00:00
32.83618741746148,-117.16250519075568,2017-09-28,08:30:00
39.4796,-88.3755,2017-09-28,15:54:00
41.15051518987342,-96.03343544303796,2017-09-28,18:28:00
40.48819007633588,-74.45440305343512,2017-09-28,18:30:00
47.60567891170866,-122.33084005928434,2017-09-28,19:37:00
39.9267,-76.5563,2017-09-28,20:00:00
32.83618741746148,-117.16250519075568,2017-09-28,20:33:00
35.20391464346695,-80.83452070900073,2017-09-28,21:00:00
45.6761,-89.652,2017-09-28,22:00:00
32.48244432717678,-84.95723575197889,2017-09-28,22:35:00
42.0078,-72.7362,2017-09-28,23:15:00
41.47122005873052,-81.64465288005421,2017-09-29,01:00:00
42.6538,-76.4202,2017-07-07,00:00:00
41.75665354107649,-88.15377082152975,2017-07-20,18:30:00
34.18122925026399,-118.4384212249208,2017-07-23,22:54:00
42.49202433460076,-83.01486121673004,2017-08-21,13:00:00
45.669527315914486,-111.1245971496437,2017-08-23,21:00:00
41.3721,-71.8478,2017-09-01,12:45:00
33.4485,-82.2011,2017-09-01,22:50:00
42.6458,-73.9525,2017-09-04,20:43:00
35.36612526881721,-78.05935430107527,2017-09-10,17:13:00
30.10684090909091,-85.19997727272728,2017-09-29,03:00:00
41.728,-79.7906,2017-09-29,04:00:00
41.181975,-96.076775,2017-09-29,12:00:00
42.75206570048309,-71.47832608695651,2017-09-29,12:00:00
39.74019963011889,-104.97711054161162,2017-09-29,13:38:00
35.9188298642534,-81.54028733031674,2017-09-29,16:00:00
39.09938979591836,-76.84664965986394,2017-09-29,18:00:00
40.6357,-74.2527,2017-09-29,18:42:00
41.6583,-72.6624,2017-09-29,18:45:00
39.98083545816733,-74.1926689243028,2017-09-29,18:55:00
42.2680608490566,-89.06246297169811,2017-09-29,19:00:00
40.7279,-73.5118,2017-09-29,19:00:00
31.9455,-110.9973,2017-09-29,19:00:00
40.8275,-73.1225,2017-09-29,19:00:00
39.854,-75.7044,2017-09-29,20:00:00
37.28017795527157,-79.95790830670927,2017-09-29,21:45:00
37.28017795527157,-79.95790830670927,2017-09-29,21:45:00
41.68520317460317,-72.92978968253968,2017-09-29,22:45:00
36.53557613843352,-82.53851511839709,2017-09-29,23:30:00
40.2827,-104.7824,2017-09-30,09:00:00
37.0642,-88.05059999999999,2017-09-30,13:45:00
37.75192722832723,-87.13745299145299,2017-09-30,14:00:00
36.8639,-84.8229,2017-09-30,16:30:00
38.798490367346936,-90.2933786122449,2017-09-30,19:45:00
39.8545,-75.3773,2017-09-30,19:50:00
39.7793,-75.6946,2017-09-30,19:51:00
42.1823,-75.6545,2017-09-30,20:30:00
35.949673017170895,-84.01413319705642,2017-09-30,21:00:00
38.804,-90.85339999999998,2017-09-30,21:00:00
37.8564,-83.9319,2017-10-01,01:00:00
29.039690170132324,-81.2940815689981,2017-10-01,04:30:00
40.19874362745098,-77.01651470588234,2017-10-01,08:10:00
39.74019963011889,-104.97711054161162,2017-10-01,11:25:00
39.99040941529236,-75.15250992503748,2017-10-01,11:50:00
39.31630966292135,-76.6205929588015,2017-10-01,12:00:00
40.4417,-74.9537,2017-10-01,15:00:00
46.6382,-122.9658,2017-09-12,00:50:00
38.309910146252285,-85.73537312614259,2017-09-12,04:00:00
36.02151851851852,-115.0508150097466,2017-09-16,21:00:00
28.51220019430052,-81.37852415803108,2017-09-18,04:30:00
45.251714925373136,-66.06652761194029,2017-09-20,20:30:00
39.9578,-112.1195,2017-09-20,21:00:00
44.8838,-93.0531,2017-09-20,21:45:00
42.67947083333333,-82.78674916666667,2017-09-20,22:00:00
34.32,-78.82270000000001,2017-09-20,22:30:00
40.8352,-73.0434,2017-09-21,18:05:00
42.8728,-85.8774,2017-09-21,20:15:00
44.7885,-72.7657,2017-09-21,21:00:00
40.9419,-79.4499,2017-09-21,22:00:00
39.62469899999999,-75.835076,2017-09-21,22:00:00
35.81321963190184,-90.72393527607362,2017-09-21,22:30:00
29.13842879746836,-81.02779841772151,2017-09-22,02:44:00
39.5303,-76.4356,2017-09-22,20:15:00
40.55766183035714,-105.06998772321428,2017-09-22,20:30:00
35.6305,-95.9665,2017-09-22,21:00:00
40.73657485172005,-74.18152158956109,2017-09-22,21:18:00
39.8864,-79.7249,2017-09-22,21:59:00
45.510005224458205,-122.66458212074302,2017-09-22,22:00:00
44.2635,-86.1825,2017-09-22,22:00:00
34.15955072463768,-77.87288260869565,2017-09-22,23:45:00
40.8549,-73.2157,2017-09-23,01:45:00
39.80464175369887,-86.13773687989556,2017-09-23,02:00:00
27.78995160032827,-82.68007476405417,2017-09-23,03:38:00
39.828712,-104.910332,2017-09-23,05:00:00
34.0114,-85.2471,2017-09-23,09:30:00
34.769824351585015,-84.97453242074928,2017-09-23,20:30:00
28.930357615894035,-81.98512649006622,2017-09-22,00:00:00
39.13854140127388,-77.21494904458599,2017-09-23,07:05:00
44.5366,-69.463,2017-09-23,20:30:00
39.8845,-104.9861,2017-01-23,06:55:00
34.6066,-92.49039999999998,2017-03-18,09:50:00
39.3667,-75.0308,2017-05-01,01:00:00
33.44068443396227,-112.39068632075472,2017-05-06,22:00:00
38.663,-75.2443,2017-05-25,21:00:00
28.190701639344265,-82.74938032786885,2017-05-30,14:11:00
43.8994,-89.8203,2017-06-04,04:00:00
37.44468546712803,-122.14590622837372,2017-06-04,22:00:00
37.7916,-95.9356,2017-06-11,23:00:00
33.50378574057038,-112.077080174793,2017-06-15,23:00:00
37.11592376237624,-84.53754455445545,2017-06-17,03:00:00
45.510005224458205,-122.66458212074302,2017-02-14,17:53:00
42.9051,-78.7059,2017-05-15,06:00:00
48.2376,-96.4705,2017-08-01,22:45:00
40.9068,-74.3615,2017-08-12,21:40:00
38.99040670103093,-77.12202938144331,2017-08-17,01:00:00
26.2647644469526,-80.20005744920994,2017-08-25,22:30:00
38.7199,-90.3889,2017-09-02,22:30:00
40.60537410270569,-74.14595510767532,2017-01-03,02:30:00
42.41672307692308,-71.16534615384614,2017-05-26,22:30:00
36.3701,-95.8469,2017-07-04,22:00:00
47.60567891170866,-122.33084005928434,2017-07-22,03:45:00
44.4502,-75.6727,2017-07-28,21:00:00
36.14597551358516,-115.18457488402916,2017-07-30,20:00:00
42.23545128205128,-88.3353358974359,2017-08-01,21:30:00
44.322884375,-69.7688625,2017-08-11,15:30:00
32.250178747846064,-110.93932423894314,2017-10-01,19:00:00
42.7369,-76.4006,2017-10-01,20:43:00
41.11538814102564,-73.42460320512821,2017-10-02,00:30:00
38.576237102734666,-121.44233422025128,2017-10-02,20:00:00
35.92761725146199,-86.84283245614036,2017-10-02,20:00:00
38.0178,-84.932,2017-10-02,20:05:00
33.3506,-87.9018,2017-10-02,20:30:00
33.7515,-118.36700000000002,2017-10-02,21:00:00
47.92492896341463,-122.2173375,2017-10-02,21:34:00
44.8468,-123.1901,2017-10-03,02:58:00
38.9755,-80.2407,2017-10-03,03:45:00
43.60549990147784,-116.2386509359606,2017-10-03,11:32:00
42.5401,-82.9468,2017-10-03,06:08:00
47.60567891170866,-122.33084005928434,2017-10-03,19:10:00
40.2827,-104.7824,2017-10-03,21:00:00
43.6894,-89.8882,2017-10-03,22:00:00
34.1122,-78.6601,2017-10-03,23:00:00
41.314,-81.6756,2017-10-04,05:09:00
41.2267,-79.5268,2017-10-04,06:10:00
30.4208,-97.05580000000002,2017-10-04,11:20:00
45.9219,-122.7126,2017-10-04,12:26:00
37.28017795527157,-79.95790830670927,2017-10-04,14:32:00
39.00134038461538,-76.88783461538462,2017-10-04,15:30:00
40.59996334231806,-75.48421563342318,2017-10-04,18:00:00
34.813724083769635,-82.58684502617801,2017-10-04,20:00:00
28.51220019430052,-81.37852415803108,2017-10-04,20:25:00
40.7134,-74.8151,2017-10-04,20:43:00
45.510005224458205,-122.66458212074302,2017-10-04,20:54:00
45.2929,-122.7746,2017-10-04,21:15:00
27.98892239234449,-80.63985923444976,2017-10-04,22:43:00
33.451432835820896,-82.0322223880597,2017-10-05,01:00:00
40.859049393939394,-74.15504303030303,2017-10-05,05:30:00
43.0203282051282,-83.71433948717949,2017-10-05,07:30:00
35.8729,-79.5821,2017-09-23,20:50:00
33.93092423698384,-117.23654811490124,2017-09-23,22:00:00
40.93890416666667,-73.8661900462963,2017-09-23,22:00:00
34.1301,-117.2044,2017-09-23,22:45:00
34.14939699570815,-118.14027111587984,2017-09-23,22:50:00
33.734071974522294,-118.297023566879,2017-09-23,22:50:00
33.97425356223175,-118.03063785407726,2017-09-23,22:54:00
34.04364759232729,-118.29956048233046,2017-09-23,22:58:00
32.63566911764706,-117.02580294117648,2017-09-23,23:00:00
34.048139285714285,-117.17355357142856,2017-09-23,23:00:00
32.83618741746148,-117.16250519075568,2017-09-23,23:00:00
32.83618741746148,-117.16250519075568,2017-09-23,23:05:00
33.86895981220657,-117.54791830985916,2017-09-23,23:35:00
38.75287494780793,-77.47979102296452,2017-09-23,23:45:00
42.4956357400722,-96.38234584837544,2017-09-23,23:45:00
41.47122005873052,-81.64465288005421,2017-09-24,02:00:00
47.035427578475336,-122.89460784753363,2017-09-24,05:30:00
35.7832,-91.6369,2017-09-24,05:46:00
40.3556,-74.98390000000002,2017-09-24,10:03:00
33.50378574057038,-112.077080174793,2017-09-24,18:14:00
44.5319,-122.8865,2017-09-24,18:30:00
38.0161,-79.0345,2017-09-24,20:00:00
35.6437247887324,-97.48034028169012,2017-09-24,20:15:00
35.5019,-85.0173,2017-09-24,20:30:00
35.3084,-81.0256,2017-09-24,20:45:00
35.949673017170895,-84.01413319705642,2017-09-24,20:50:00
42.428,-71.0618,2017-09-24,23:30:00
37.1855,-83.4156,2017-09-24,23:33:00
33.71795776397516,-84.74733416149068,2017-09-25,00:00:00
41.6811,-93.2601,2017-09-25,02:15:00
37.1265,-92.5913,2017-09-25,02:35:00
34.4512,-84.153,2017-09-25,09:00:00
34.04364759232729,-118.29956048233046,2017-09-25,18:00:00
37.6584,-84.6014,2017-09-25,19:27:00
42.8398,-82.8881,2017-09-25,19:30:00
40.6947,-74.2688,2017-09-25,19:30:00
38.8706691943128,-77.18085308056872,2017-06-17,14:00:00
44.4091,-124.0339,2017-06-17,23:45:00
36.6596,-79.7119,2017-06-18,14:50:00
39.09501080851064,-94.56549749787231,2017-06-20,04:22:00
41.9261,-71.3011,2017-06-20,12:00:00
40.75256378421113,-73.9844567179912,2017-06-21,17:00:00
40.2363,-75.296,2017-06-21,20:00:00
34.25253280943026,-118.28833791748526,2017-06-22,10:00:00
47.60567891170866,-122.33084005928434,2017-06-22,17:40:00
42.9135,-87.8556,2017-06-22,20:03:00
41.249867838765006,-96.03637804459692,2017-06-22,21:00:00
41.249867838765006,-96.03637804459692,2017-06-22,21:06:00
46.25146322115385,-119.10337740384615,2017-06-23,03:50:00
45.01848888888889,-93.43775555555555,2017-06-23,10:30:00
30.29747071057192,-81.63802726747545,2017-06-23,17:15:00
39.1244,-76.495,2017-06-23,20:00:00
41.1445,-84.5764,2017-06-23,20:00:00
38.7369,-88.0793,2017-06-23,21:30:00
34.06284248175182,-117.76457459854016,2017-06-23,20:35:00
36.81995421052631,-76.08601184210526,2017-06-23,21:13:00
46.1478,-122.9711,2017-06-23,22:00:00
33.4769,-117.7013,2017-06-23,22:00:00
38.576237102734666,-121.44233422025128,2017-06-23,22:10:00
47.1435,-122.1678,2017-06-23,22:50:00
25.77722564784053,-80.25922518272425,2017-06-23,23:30:00
47.60567891170866,-122.33084005928434,2017-06-23,23:45:00
47.7941,-122.3066,2017-06-23,23:53:00
45.99787472118959,-112.595368401487,2017-06-24,00:00:00
40.528,-104.7181,2017-06-24,00:30:00
42.5582,-114.4658701754386,2017-06-24,00:30:00
44.98605519614591,-93.30217136958018,2017-06-24,01:00:00
34.18106166883963,-118.38596049543678,2017-06-24,09:52:00
47.4022,-117.192,2017-06-24,12:00:00
41.784557627118645,-72.52648474576272,2017-06-24,14:00:00
47.60567891170866,-122.33084005928434,2017-06-24,16:00:00
40.175,-76.1817,2017-06-24,21:00:00
38.711,-92.0803,2017-06-24,21:30:00
28.316029328621905,-80.72917208480565,2017-06-24,21:58:00
28.36875291828794,-80.71672276264592,2017-06-24,22:00:00
39.67145672955974,-104.79753396226415,2017-09-04,00:39:00
41.91214,-83.4667,2017-09-07,22:30:00
36.25087602996255,-115.14993632958802,2017-09-10,20:12:00
42.37550885416667,-83.11140946180555,2017-09-11,22:30:00
28.7152647398844,-81.39424084778419,2017-09-12,22:00:00
35.1407,-79.0032,2017-09-13,05:38:00
35.4611,-89.8163,2017-09-14,06:27:00
39.60480773480664,-86.13696132596685,2017-09-14,08:57:00
42.4638,-83.1015,2017-09-14,21:55:00
33.50378574057038,-112.077080174793,2017-09-14,23:00:00
38.4074718875502,-122.264,2017-09-14,23:30:00
34.6993,-77.2079,2017-09-14,23:30:00
45.510005224458205,-122.66458212074302,2017-09-15,06:15:00
33.2663,-86.902,2017-09-15,19:00:00
41.57649,-93.7796525,2017-09-15,19:45:00
37.97232249560633,-121.2879253075571,2017-09-15,20:15:00
38.995,-74.8374,2017-09-15,22:00:00
43.065156853713006,-87.96295263819096,2017-09-15,22:10:00
42.1219,-85.5061,2017-09-15,23:20:00
39.53327810218978,-76.34373795620438,2017-09-16,01:15:00
39.99040941529236,-75.15250992503748,2017-09-16,01:16:00
36.111605596107054,-95.93798929440388,2017-09-16,04:30:00
28.00877654729869,-82.4813833471331,2017-09-16,05:40:00
40.70897189097104,-111.8891066439523,2017-09-16,19:50:00
40.69809929328622,-112.00020600706712,2017-09-16,19:59:00
30.3167016280526,-97.75799137271272,2017-09-16,20:15:00
37.28017795527157,-79.95790830670927,2017-09-16,20:30:00
40.249182481751824,-75.62462700729927,2017-09-16,21:00:00
44.5221520367183,-88.02955502008031,2017-09-16,21:15:00
48.013200000000005,-122.0679,2017-09-16,22:00:00
40.8885,-78.2227,2017-09-17,01:00:00
39.4232,-75.9417,2017-09-17,01:00:00
40.68051843971632,-73.84423191489363,2017-09-17,14:30:00
38.4654,-75.1573,2017-08-14,17:20:00
43.3162,-71.4683,2017-08-16,20:30:00
35.084269026548675,-92.43930796460177,2017-08-18,11:00:00
40.75531636188643,-82.53549499518768,2017-08-19,07:20:00
29.28850203703704,-81.08506290123456,2017-08-21,05:00:00
35.104863589743594,-77.07527128205129,2017-08-21,14:52:00
41.677620478723405,-86.25259255319149,2017-08-22,21:30:00
40.8273,-75.8824,2017-08-23,22:00:00
35.949673017170895,-84.01413319705642,2017-08-24,02:30:00
33.50378574057038,-112.077080174793,2017-08-24,12:00:00
45.4525,-123.8198,2017-08-24,20:43:00
42.5781,-71.805,2017-08-24,20:48:00
33.73991977272727,-116.99763886363635,2017-08-24,21:00:00
32.354139318885444,-106.7495773993808,2017-08-24,21:20:00
33.137355102040814,-117.32090960884354,2017-08-24,00:00:00
33.82100507315219,-84.42299163974918,2017-08-25,02:36:00
37.495994930875575,-120.85480748847928,2017-08-25,04:30:00
41.11538814102564,-73.42460320512821,2017-08-25,09:22:00
41.878566371681416,-71.36967345132743,2017-08-25,09:38:00
42.4125,-71.0034,2017-08-25,20:50:00
37.96862570422535,-122.01062711267606,2017-08-25,21:00:00
42.1149,-72.191,2017-08-25,21:15:00
42.8111,-73.6946,2017-08-25,21:30:00
42.2726,-84.1901,2017-08-25,21:45:00
41.68520317460317,-72.92978968253968,2017-08-25,22:00:00
36.14597551358516,-115.18457488402916,2017-08-26,06:50:00
33.835541353383455,-84.01888045112783,2017-08-26,10:31:00
33.67701690929451,-117.78627312430012,2017-08-26,18:00:00
33.12765962441315,-117.07881924882628,2017-09-25,19:35:00
40.75256378421113,-73.9844567179912,2017-09-25,19:50:00
42.38908527607362,-71.10177791411043,2017-09-25,22:05:00
42.22,-72.0528,2017-09-25,22:15:00
43.1369,-86.1418,2017-09-25,22:30:00
39.488261177007296,-119.79257039233578,2017-09-25,23:00:00
36.0571,-86.6729,2017-09-25,23:00:00
43.1369,-86.1418,2017-09-25,23:30:00
37.868425925925926,-122.4956148148148,2017-09-26,02:00:00
41.728,-79.7906,2017-09-26,06:32:00
40.70897189097104,-111.8891066439523,2017-09-26,08:30:00
43.1911,-102.7354,2017-09-26,17:00:00
34.04364759232729,-118.29956048233046,2017-09-26,19:00:00
37.36947142857143,-122.10370285714286,2017-09-26,20:00:00
32.6658,-79.9298,2017-09-26,20:30:00
33.85519637883008,-79.07296100278552,2017-09-26,20:37:00
37.285075,-80.06963958333333,2017-09-26,20:45:00
41.76949710144928,-71.47294927536231,2017-09-26,20:45:00
36.3445,-82.2015,2017-09-26,22:00:00
32.6935,-114.1561,2017-09-26,23:10:00
36.58786153846154,-121.85991623931623,2017-09-27,01:00:00
40.2453,-76.0574,2017-09-27,02:00:00
37.19130910746812,-93.28695318761385,2017-09-27,03:00:00
35.83034125381857,-78.64303134546421,2017-09-27,07:28:00
34.224157641921394,-84.4539248908297,2017-09-27,08:52:00
47.149114814814816,-122.28930879629628,2017-09-27,19:05:00
35.084269026548675,-92.43930796460177,2017-09-27,19:45:00
41.190240625,-73.195140234375,2017-09-27,20:18:00
37.8278,-88.9209,2017-09-27,21:00:00
47.22041124620061,-122.45925030395138,2017-09-27,21:30:00
38.22153870454997,-85.66253357838266,2017-09-28,00:00:00
43.3848,-71.0671,2017-06-24,22:00:00
28.61048409090909,-80.83895227272727,2017-06-25,01:15:00
43.425,-84.5914,2017-06-25,04:00:00
39.07657828282829,-94.40636717171716,2017-06-25,04:00:00
47.29785454545455,-122.18462227272724,2017-06-25,14:00:00
40.75256378421113,-73.9844567179912,2017-06-25,18:00:00
47.149114814814816,-122.28930879629628,2017-06-25,18:00:00
27.05821320754717,-82.20058867924529,2017-06-25,19:00:00
39.99382762603116,-82.98248417965169,2017-06-25,20:10:00
48.754420967741936,-122.45834543010751,2017-06-25,21:05:00
36.5795,-93.4549,2017-06-25,21:20:00
33.80492083870968,-118.17501277419356,2017-06-25,22:15:00
42.952540919904834,-85.64894758128469,2017-06-25,22:50:00
43.0642,-74.334,2017-06-26,01:00:00
39.08346391304348,-108.5480495652174,2017-06-26,01:00:00
38.01202218828104,-84.4627418217162,2017-06-26,01:00:00
36.93974,-84.0878490909091,2017-06-26,01:00:00
35.85035369774919,-83.52742893890675,2017-06-26,02:00:00
38.58954737678855,-90.5339786963434,2017-06-26,12:10:00
47.2013,-122.5711,2017-06-26,17:42:00
33.71258733572282,-78.93877275985663,2017-06-26,21:47:00
38.8897,-121.28730000000002,2017-06-26,22:00:00
42.952540919904834,-85.64894758128469,2017-06-26,22:20:00
36.4679,-83.5543,2017-06-26,23:00:00
38.22153870454997,-85.66253357838266,2017-06-26,23:45:00
34.7002,-77.134,2017-06-27,00:00:00
33.83592379227053,-116.53104963768116,2017-06-27,02:31:00
44.7818,-93.5165,2017-06-27,13:11:00
44.7198,-75.2643,2017-06-27,13:30:00
38.87714691753403,-104.76823722978384,2017-06-27,19:45:00
36.6217,-121.7935,2017-06-27,21:00:00
33.546200000000006,-79.0428,2017-06-27,21:00:00
34.002008987161204,-81.08835706134094,2017-06-27,21:09:00
32.8402,-104.4058,2017-07-12,00:45:00
38.1879,-90.4286,2017-02-23,00:37:00
43.0532,-85.842,2017-04-14,18:00:00
43.0532,-85.842,2017-04-14,18:00:00
41.2205482051282,-73.05817897435898,2017-07-17,21:00:00
40.008,-78.3739,2017-07-20,02:15:00
35.03850676020408,-78.94700994897958,2017-07-31,01:00:00
39.15438737864078,-121.05588349514562,2017-08-12,02:00:00
36.56671719298246,-87.39411859649124,2017-08-12,22:00:00
36.56671719298246,-87.39411859649124,2017-08-12,22:00:00
46.87764227005871,-114.02785929549904,2017-08-14,17:00:00
39.15438737864078,-121.05588349514562,2017-08-13,22:00:00
36.14597551358516,-115.18457488402916,2017-08-15,00:00:00
47.60567891170866,-122.33084005928434,2017-08-15,11:00:00
42.0511,-72.7706,2017-09-17,19:35:00
36.4684,-92.3292,2017-09-17,21:00:00
28.0451,-82.68799999999999,2017-09-17,21:00:00
36.20655488721805,-119.3458745435016,2017-09-17,21:50:00
36.0765918699187,-79.46406237989652,2017-09-18,04:00:00
33.6742,-116.1735,2017-09-18,17:54:00
36.5686,-115.6767,2017-09-18,19:30:00
38.22153870454997,-85.66253357838266,2017-09-18,21:20:00
26.60426875,-81.65616125,2017-09-18,22:21:00
43.3562,-73.1436,2017-09-18,23:00:00
42.4845577922078,-92.346562987013,2017-09-19,04:58:00
30.5045,-97.8209,2017-09-19,11:45:00
30.29747071057192,-81.63802726747545,2017-09-19,18:08:00
35.98736391221891,-78.88665757247358,2017-09-19,19:35:00
34.90838880462261,-81.91376171903215,2017-09-19,20:00:00
39.4374,-84.361,2017-09-19,20:45:00
45.9811,-94.3639,2017-09-19,21:00:00
32.83618741746148,-117.16250519075568,2017-09-19,21:10:00
39.55256666666667,-104.98473333333334,2017-09-19,23:00:00
40.444534542102026,-79.97341339889367,2017-09-20,01:00:00
39.2733,-74.5876,2017-09-20,05:53:00
33.290955743243245,-111.84674712837838,2017-09-20,03:30:00
40.5093,-88.9844,2017-09-20,06:53:00
43.4831,-89.751,2017-09-20,17:30:00
41.68520317460317,-72.92978968253968,2017-09-20,19:43:00
33.19316581196581,-111.53355213675214,2017-09-20,20:30:00
31.9455,-110.9973,2017-09-20,21:00:00
44.9926,-92.9537,2017-09-20,21:20:00
37.76960492572322,-122.42365559030492,2017-09-21,12:00:00
33.481415080191624,-86.79047456779837,2017-07-20,21:48:00
40.55668055555556,-74.28641388888889,2017-08-05,18:35:00
27.78995160032827,-82.68007476405417,2017-08-09,00:20:00
39.08346391304348,-108.5480495652174,2017-08-09,21:03:00
33.86895981220657,-117.54791830985916,2017-08-09,21:25:00
42.2013,-70.7543,2017-07-10,03:00:00
32.90658125,-97.53433125,2017-09-07,03:00:00
33.94545446076675,-117.40941580078824,2017-09-10,10:00:00
44.94494771241831,-123.01479150326796,2017-09-10,21:10:00
36.62419,-82.19071166666666,2017-09-11,20:38:00
42.27190397830018,-85.6159284358047,2017-09-12,19:05:00
44.94494771241831,-123.01479150326796,2017-09-12,20:00:00
41.40212251908397,-73.4566,2017-09-12,21:00:00
36.6755,-93.8448,2017-09-12,21:00:00
28.51220019430052,-81.37852415803108,2017-09-12,21:00:00
30.3958,-83.2879,2017-09-12,22:30:00
34.111,-84.3025,2017-09-13,02:36:00
35.20391464346695,-80.83452070900073,2017-09-13,06:12:00
41.4016,-71.6663,2017-09-13,14:00:00
42.31788660714285,-83.27823839285715,2017-09-13,20:30:00
38.0663,-122.1655,2017-07-31,21:00:00
42.2377,-71.9206,2017-08-05,23:00:00
40.3214,-80.0378,2017-09-13,21:45:00
40.71611574344024,-99.08294650145773,2017-09-13,23:30:00
39.86450519480519,-105.0425025974026,2017-08-26,20:00:00
42.5951,-89.6322,2017-08-26,21:00:00
40.444534542102026,-79.97341339889367,2017-08-26,21:15:00
40.75256378421113,-73.9844567179912,2017-08-27,01:09:00
43.21704260869565,-75.45237246376811,2017-08-27,11:15:00
40.91734898419865,-74.16648735891647,2017-08-27,20:25:00
41.92435549450549,-70.64486428571429,2017-08-27,20:30:00
34.04364759232729,-118.29956048233046,2017-08-27,20:42:00
39.6131,-105.1757,2017-08-27,20:42:00
44.2253,-73.6027,2017-08-27,21:00:00
37.5103,-94.8599,2017-08-27,22:00:00
33.6163,-84.2945,2017-08-27,22:00:00
33.50378574057038,-112.077080174793,2017-08-27,22:00:00
39.09501080851064,-94.56549749787231,2017-08-27,22:10:00
34.09813175675676,-118.08913851351352,2017-08-28,10:20:00
38.782562762762765,-90.73297267267267,2017-08-28,23:00:00
32.250178747846064,-110.93932423894314,2017-08-29,15:00:00
44.05915592920354,-123.10563769911504,2017-08-29,21:45:00
26.57449479326187,-81.84195007656969,2017-08-29,23:00:00
33.96426005089059,-84.5161530534351,2017-08-30,01:00:00
39.08346391304348,-108.5480495652174,2017-08-30,05:00:00
35.91898520900322,-79.0316729903537,2017-08-30,01:00:00
40.8941,-73.374,2017-08-30,08:30:00
33.19316581196581,-111.53355213675214,2017-08-30,20:05:00
33.396,-110.861,2017-08-30,20:15:00
43.11880939226519,-76.19088342541437,2017-08-30,21:15:00
32.0315,-112.0065,2017-08-30,21:30:00
44.64194676258992,-123.09791798561152,2017-08-30,22:00:00
36.02151851851852,-115.0508150097466,2017-08-30,22:00:00
42.37550885416667,-83.11140946180555,2017-08-31,06:00:00
39.15438737864078,-121.05588349514562,2017-08-31,10:00:00
40.6979,-112.08650000000002,2017-08-31,19:30:00
38.3426,-86.0924,2017-06-06,04:00:00
30.5531,-91.9289,2017-06-12,21:10:00
38.5809,-122.5856,2017-07-01,14:00:00
39.2147,-76.0795,2017-07-02,23:20:00
40.373,-111.7372,2017-07-23,02:00:00
44.00409466666667,-88.54250637037038,2017-07-24,18:45:00
45.55630000000001,-93.2836,2017-06-27,22:40:00
47.3826,-119.482,2017-06-27,22:45:00
32.89335294117647,-111.74477226890755,2017-06-27,23:45:00
39.6102,-75.6747,2017-06-28,00:05:00
39.2092,-84.3035,2017-06-28,00:30:00
46.810007692307686,-92.1675823076923,2017-06-28,03:30:00
40.8485,-73.5258,2017-06-28,17:00:00
34.9556,-85.2417,2017-06-28,20:50:00
43.568753114754095,-116.56108262295082,2017-06-28,21:30:00
45.510005224458205,-122.66458212074302,2017-06-28,21:37:00
45.510005224458205,-122.66458212074302,2017-06-28,22:00:00
40.7616,-72.8508,2017-06-28,23:00:00
37.08875227272727,-76.49560426136362,2017-06-28,23:00:00
36.30629066666667,-86.61050533333334,2017-06-28,23:05:00
43.18965444264944,-89.21894426494347,2017-06-29,03:33:00
41.11538814102564,-73.42460320512821,2017-06-29,04:15:00
38.299510852713176,-77.50067390180878,2017-06-29,04:20:00
39.04649342105263,-77.0290407894737,2017-06-29,04:20:00
39.04649342105263,-77.0290407894737,2017-06-29,04:20:00
39.6659,-74.9658,2017-06-29,04:20:00
41.1638,-79.0818,2017-06-29,04:23:00
37.03641008064516,-76.36639879032258,2017-06-29,04:25:00
37.7492,-81.0725,2017-06-29,04:25:00
40.8681,-73.4094,2017-06-29,04:29:00
40.8681,-73.4094,2017-06-29,04:29:00
41.2205482051282,-73.05817897435898,2017-06-29,04:30:00
6.801,-58.1704,2017-06-29,04:30:00
38.45829677419355,-77.44785806451613,2017-06-29,04:30:00
37.4149,-76.5441,2017-06-29,04:30:00
40.6673,-73.4593,2017-06-29,04:30:00
40.6914,-73.3728,2017-06-29,04:30:00
38.05596818950931,-78.4944820642978,2017-06-29,04:31:00
39.04649342105263,-77.0290407894737,2017-06-29,04:36:00
35.36612526881721,-78.05935430107527,2017-06-29,04:40:00
38.1551,-79.0608,2017-06-29,05:00:00
36.682,-85.1426,2017-06-29,21:17:00
38.2828,-122.4677,2017-06-29,21:50:00
41.11538814102564,-73.42460320512821,2017-08-05,17:00:00
34.002008987161204,-81.08835706134094,2017-08-17,21:30:00
41.4355,-79.6904,2017-09-02,21:30:00
37.4775,-122.4505,2017-09-03,14:00:00
41.3417,-89.0951,2017-09-04,21:36:00
34.04364759232729,-118.29956048233046,2017-09-04,09:20:00
41.1877,-74.5292,2017-09-06,23:17:00
45.2244,-122.8029,2017-09-08,07:00:00
39.31630966292135,-76.6205929588015,2017-09-08,17:00:00
35.117007033898304,-106.62212966101694,2017-09-08,18:25:00
43.04821654894046,-76.1627438950555,2017-09-08,20:30:00
40.6529,-111.880875,2017-09-08,21:30:00
39.9573,-86.277,2017-09-08,21:41:00
43.5099,-86.3457,2017-09-08,21:45:00
43.2108,-77.1498,2017-09-09,09:00:00
38.9924,-84.6462,2017-09-09,12:04:00
33.82100507315219,-84.42299163974918,2017-09-09,13:00:00
33.80492083870968,-118.17501277419356,2017-09-09,18:12:00
33.71258733572282,-78.93877275985663,2017-09-09,20:08:00
41.3052,-75.3353,2017-09-09,21:30:00
41.3284,-81.4981,2017-09-09,21:37:00
38.9524,-92.7471,2017-09-09,22:00:00
40.57570363196125,-122.36129370460048,2017-09-09,22:00:00
39.4374,-84.361,2017-09-09,22:30:00
34.14939699570815,-118.14027111587984,2017-09-10,00:57:00
42.3725225,-71.18139749999999,2017-09-10,11:05:00
33.481415080191624,-86.79047456779837,2017-09-10,20:00:00
40.75256378421113,-73.9844567179912,2017-09-10,22:30:00
46.87764227005871,-114.02785929549904,2017-09-11,06:00:00
42.8243,-85.4256,2017-09-11,06:00:00
44.8032,-122.7605,2017-09-11,12:20:00
45.658570363636365,-122.59014654545454,2017-09-11,21:19:00
46.725,-122.9677,2017-09-11,23:00:00
41.9237,-87.814,2017-09-12,06:12:00
36.14597551358516,-115.18457488402916,2017-09-12,13:00:00
41.692711594202905,-71.5729463768116,2017-08-16,10:00:00
33.7618,-88.0979,2017-08-16,16:00:00
43.3162,-71.4683,2017-08-16,20:30:00
30.5045,-97.8209,2017-08-17,01:00:00
28.24330525920361,-82.70653816679189,2017-08-17,21:00:00
39.67145672955974,-104.79753396226415,2017-08-17,21:00:00
37.495994930875575,-120.85480748847928,2017-08-17,21:00:00
41.8979,-71.5165,2017-08-17,21:02:00
37.493420843091336,-77.4178131147541,2017-08-17,21:10:00
33.40788678459938,-111.75088054110302,2017-08-18,09:45:00
40.60537410270569,-74.14595510767532,2017-08-18,18:30:00
33.57951360201511,-112.19445289672544,2017-08-18,21:40:00
40.75256378421113,-73.9844567179912,2017-08-19,06:20:00
28.025517495711835,-81.7280998284734,2017-08-19,10:30:00
34.04364759232729,-118.29956048233046,2017-08-19,17:08:00
46.3521,-94.1046,2017-08-19,18:00:00
38.4175824074074,-121.4084799382716,2017-08-19,18:50:00
39.5107,-84.7427,2017-08-19,19:00:00
39.9984,-76.5224,2017-08-19,20:10:00
37.79251055900621,-81.20539565217392,2017-08-19,21:00:00
41.4673,-72.1906,2017-08-19,21:00:00
37.3578,-108.5802,2017-08-19,21:15:00
44.71860971428572,-85.6604109010989,2017-08-19,21:50:00
38.969,-74.9167,2017-08-19,22:00:00
38.748,-90.4216,2017-08-19,22:40:00
38.5956,-76.9908,2017-08-20,05:30:00
47.60567891170866,-122.33084005928434,2017-08-20,18:30:00
35.14642552204177,-84.85165715390565,2017-08-20,23:00:00
45.2131,-122.5294,2017-08-21,00:00:00
32.8679,-113.4631,2017-08-21,02:30:00
34.04364759232729,-118.29956048233046,2017-01-08,23:00:00
35.4467,-82.4978,2017-01-30,04:45:00
42.1358,-87.9427,2017-03-05,05:10:00
28.77453747311828,-81.2850277419355,2017-08-19,21:30:00
39.2458,-106.3003,2017-05-23,01:00:00
34.819746341463414,-111.75609268292683,2017-08-19,23:00:00
40.33677461139896,-75.94604067357513,2017-08-19,23:00:00
41.3458,-72.1473,2017-06-07,22:47:00
42.27631913946588,-83.73340163204747,2017-06-09,23:30:00
37.2157,-79.8079,2017-06-10,14:00:00
28.00877654729869,-82.4813833471331,2017-06-23,09:23:00
33.71258733572282,-78.93877275985663,2017-07-15,22:30:00
44.05915592920354,-123.10563769911504,2017-07-17,19:00:00
34.8664,-118.3409,2017-07-22,01:08:00
38.87714691753403,-104.76823722978384,2017-07-23,03:10:00
39.99382762603116,-82.98248417965169,2017-07-25,08:45:00
37.68856580310881,-77.5423481865285,2017-07-25,20:00:00
45.2929,-122.7746,2017-07-26,21:30:00
44.354,-106.7098,2017-07-26,21:50:00
43.1197,-70.9241,2017-07-26,22:00:00
36.02151851851852,-115.0508150097466,2017-07-27,01:00:00
31.9455,-110.9973,2017-07-27,02:00:00
28.51220019430052,-81.37852415803108,2017-07-27,02:16:00
45.2815,-93.4195,2017-07-27,03:00:00
34.09239241192412,-117.88697696476964,2017-07-27,19:00:00
33.40469829545455,-112.54259147727272,2017-07-27,20:38:00
41.72018630952381,-71.41607738095237,2017-07-27,20:55:00
34.14722788844622,-117.30732642762284,2017-07-27,21:30:00
36.32645838926175,-94.1300543624161,2017-07-27,21:35:00
36.34446363636364,-94.2461068181818,2017-07-27,21:45:00
40.804074301940375,-96.66960586843352,2017-07-27,22:20:00
41.852677464788734,-90.2067647887324,2017-07-27,22:43:00
47.67811627329193,-117.38344844720498,2017-07-27,23:00:00
37.4775,-122.4505,2017-09-03,13:00:00
40.7576,-75.4046,2017-08-25,23:00:00
37.9861,-122.56879999999998,2017-08-30,22:00:00
37.96862570422535,-122.01062711267606,2017-09-05,06:30:00
39.9101,-77.5253,2017-09-05,15:50:00
33.90644305555556,-84.8427138888889,2017-09-05,16:00:00
43.2869,-100.5923,2017-09-05,21:25:00
35.10718092909536,-80.70546332518337,2017-09-05,22:00:00
33.96028446843854,-118.3580431063123,2017-09-06,20:12:00
30.0712,-92.1038,2017-09-06,22:30:00
39.67145672955974,-104.79753396226415,2017-09-07,08:01:00
47.92492896341463,-122.2173375,2017-09-07,12:00:00
42.9528,-92.5298,2017-09-07,12:15:00
26.99206595744681,-82.12517872340426,2017-09-07,13:30:00
28.6841,-81.2812,2017-09-07,20:26:00
39.99382762603116,-82.98248417965169,2017-09-07,21:20:00
29.62153382352941,-95.74815970588236,2017-09-07,22:00:00
45.79417254901961,-108.5628480392157,2017-09-07,22:00:00
42.59565769230768,-82.87714615384616,2017-09-07,22:18:00
39.74019963011889,-104.97711054161162,2017-09-07,23:00:00
29.782476507000737,-95.44062368459838,2017-09-08,08:45:00
41.9432,-96.4651,2017-09-08,10:00:00
38.22153870454997,-85.66253357838266,2017-08-10,22:00:00
40.75256378421113,-73.9844567179912,2017-08-11,00:10:00
36.25087602996255,-115.14993632958802,2017-08-11,16:00:00
41.47122005873052,-81.64465288005421,2017-08-11,22:00:00
47.9519,-117.4735,2017-08-11,22:30:00
39.177988417987706,-84.48937313706459,2017-08-11,22:40:00
35.01135190615835,-80.92306862170088,2017-08-11,22:57:00
42.7384,-71.6663,2017-08-12,00:00:00
28.2178212244898,-81.61866346938776,2017-08-12,03:00:00
30.3167016280526,-97.75799137271272,2017-08-12,03:30:00
32.250178747846064,-110.93932423894314,2017-08-12,09:30:00
35.2474,-80.3444,2017-08-12,11:03:00
34.9056,-83.7319,2017-08-12,11:58:00
41.9307,-111.8035,2017-08-12,19:00:00
29.201564271457087,-81.04377804391218,2017-08-12,19:00:00
42.99079999999999,-75.962,2017-08-12,20:50:00
40.4413,-79.2533,2017-08-12,21:38:00
36.4935,-86.5964,2017-08-12,21:40:00
36.87154181034483,-76.27074676724138,2017-08-12,21:45:00
43.22008137535816,-86.22742693409742,2017-08-12,22:00:00
39.177988417987706,-84.48937313706459,2017-08-12,22:00:00
39.4665,-105.3732,2017-08-12,22:10:00
39.177988417987706,-84.48937313706459,2017-08-13,00:00:00
42.9732,-78.8475,2017-08-13,03:30:00
27.78995160032827,-82.68007476405417,2017-08-13,10:00:00
39.1032,-108.368,2017-08-13,11:00:00
41.7563,-72.9436,2017-08-13,16:05:00
40.7606,-72.9844,2017-08-13,18:00:00
41.3959,-82.0035,2017-08-13,18:00:00
32.83618741746148,-117.16250519075568,2017-08-31,21:00:00
39.0567,-81.4009,2017-08-31,22:00:00
41.11538814102564,-73.42460320512821,2017-08-31,22:00:00
42.31585108695652,-83.21780543478262,2017-09-01,10:20:00
45.510005224458205,-122.66458212074302,2017-09-01,20:05:00
42.29389354521625,-71.8033120249017,2017-09-01,20:30:00
36.14597551358516,-115.18457488402916,2017-09-01,20:36:00
41.8701,-71.5595,2017-09-02,02:13:00
44.5542,-69.6179,2017-09-02,05:00:00
33.78297508463101,-117.93160419769804,2017-09-02,05:30:00
33.6647,-117.1743,2017-09-02,10:00:00
34.02984860397588,-118.47355293723476,2017-09-02,10:30:00
40.3825,-90.1484,2017-09-02,20:29:00
47.75039999999999,-93.67019999999998,2017-09-02,21:00:00
28.10435079034941,-80.66275278702163,2017-09-02,23:00:00
34.1734,-85.1859,2017-09-03,03:50:00
40.75256378421113,-73.9844567179912,2017-09-03,21:50:00
40.70897189097104,-111.8891066439523,2017-09-03,22:00:00
34.66330342052314,-79.08544647887324,2017-09-03,16:00:00
34.90838880462261,-81.91376171903215,2017-09-03,21:40:00
26.631337131630648,-81.98813163064834,2017-09-03,22:30:00
47.149114814814816,-122.28930879629628,2017-09-03,22:45:00
47.80130536912752,-122.20682348993287,2017-09-04,00:30:00
39.74019963011889,-104.97711054161162,2017-09-04,18:50:00
47.4514,-122.3437,2017-09-04,19:00:00
39.3408,-76.4078,2017-09-04,22:16:00
29.655391353996738,-82.3572735725938,2017-09-04,23:30:00
38.794262913096695,-77.09885924112608,2017-09-05,01:24:00
35.7113,-82.5467,2017-07-26,22:00:00
34.14986656050956,-118.44245891719744,2017-07-27,23:54:00
42.76814601412715,-73.67395015136226,2017-08-02,22:30:00
34.14722788844622,-117.30732642762284,2017-08-02,23:30:00
41.701,-71.5194,2017-08-03,21:30:00
42.5342,-85.6456,2017-08-04,01:00:00
36.08381055958792,-79.83370636853196,2017-08-04,21:00:00
33.50378574057038,-112.077080174793,2017-08-04,21:15:00
44.0371,-97.5603,2017-08-04,21:15:00
45.510005224458205,-122.66458212074302,2017-08-04,21:40:00
41.23240188679245,-111.97078092243189,2017-08-04,21:45:00
33.72271932624114,-116.21990425531916,2017-08-04,22:00:00
38.22153870454997,-85.66253357838266,2017-08-04,22:00:00
40.1511,-74.0345,2017-08-04,22:28:00
44.7399,-93.1249,2017-08-04,22:30:00
48.20002051282052,-114.30401846153846,2017-08-04,23:00:00
45.510005224458205,-122.66458212074302,2017-08-04,23:49:00
36.87154181034483,-76.27074676724138,2017-08-05,00:00:00
38.995,-74.8374,2017-08-05,03:19:00
47.29785454545455,-122.18462227272724,2017-08-05,19:45:00
30.515,-86.4844,2017-08-05,21:10:00
40.578,-81.0775,2017-08-05,21:15:00
34.3077,-118.4287,2017-08-05,21:15:00
40.7095,-73.2966,2017-08-05,21:30:00
36.0558,-78.2612,2017-08-05,22:20:00
44.3695,-100.3211,2017-08-05,23:00:00
45.0782,-93.1894,2017-08-05,23:29:00
33.1644,-84.9309,2017-08-05,00:00:00
39.98083545816733,-74.1926689243028,2017-08-06,00:00:00
40.0443,-75.6472,2017-08-06,00:22:00
44.05767142857143,-122.97238928571429,2017-08-06,01:03:00
39.3452,-74.58039999999998,2017-08-06,11:10:00
45.510005224458205,-122.66458212074302,2017-08-07,03:00:00
39.31630966292135,-76.6205929588015,2017-06-30,03:00:00
33.7189,-86.8225,2017-06-30,21:45:00
43.568753114754095,-116.56108262295082,2017-06-30,23:14:00
42.72347418699187,-84.56939756097562,2017-06-30,23:15:00
39.67145672955974,-104.79753396226415,2017-07-01,16:00:00
45.268,-92.9743,2017-07-01,18:56:00
40.9686,-75.4502,2017-07-01,21:30:00
33.8874,-111.9508,2017-07-01,21:35:00
40.3281,-76.0209,2017-07-01,21:50:00
41.2814,-86.6246,2017-07-01,22:00:00
40.4815,-78.5565,2017-07-01,23:00:00
41.42515737704918,-87.35668524590163,2017-07-01,23:14:00
27.2366,-80.2271,2017-07-01,23:18:00
47.37895625,-122.220740625,2017-07-01,23:50:00
38.2307,-91.1567,2017-07-02,10:02:00
39.8487,-86.3782,2017-07-02,19:30:00
38.7943,-123.0039,2017-07-02,20:00:00
40.24588571428571,-83.3603104477612,2017-07-02,21:30:00
33.21286376451078,-97.12269253731344,2017-07-02,21:45:00
41.55555714285715,-72.66324285714286,2017-07-02,22:00:00
38.782562762762765,-90.73297267267267,2017-07-02,22:10:00
39.60480773480664,-86.13696132596685,2017-07-02,22:15:00
38.0185,-92.7677,2017-07-03,12:35:00
42.8304,-77.7123,2017-07-03,19:00:00
25.80869557522124,-80.14638902654868,2017-07-03,20:30:00
39.338,-75.8706,2017-07-03,22:00:00
42.0686,-72.5006,2017-07-03,22:00:00
41.2814,-86.6246,2017-07-03,22:10:00
34.04364759232729,-118.29956048233046,2017-07-03,23:00:00
43.1772,-85.2473,2017-07-03,23:00:00
26.45425432525952,-80.11988166089967,2017-08-21,03:35:00
44.7617,-93.3432,2017-07-03,23:15:00
39.2435,-114.8883,2017-08-21,05:00:00
38.03410230446927,-87.55546347765363,2017-08-21,11:15:00
43.63692517482518,-116.72945104895103,2017-08-21,11:27:00
38.87714691753403,-104.76823722978384,2017-08-21,11:47:00
36.14108444607484,-86.78634372707263,2017-08-21,13:00:00
36.0571,-86.6729,2017-08-21,13:30:00
36.30629066666667,-86.61050533333334,2017-08-21,13:47:00
41.2367,-74.4936,2017-08-21,14:39:00
39.2812,-76.74059999999999,2017-08-21,14:40:00
38.3864,-82.299,2017-08-21,15:10:00
28.24330525920361,-82.70653816679189,2017-08-21,19:00:00
39.262,-76.82965,2017-08-21,23:20:00
33.40469829545455,-112.54259147727272,2017-08-22,04:00:00
33.86895981220657,-117.54791830985916,2017-08-22,17:30:00
46.3215,-120.0156,2017-08-22,20:05:00
40.4298,-78.4408,2017-08-22,20:20:00
38.9887,-94.6341,2017-08-22,21:45:00
48.03790000000001,-118.94190000000002,2017-08-22,23:00:00
38.22153870454997,-85.66253357838266,2017-08-22,23:45:00
39.6065,-84.0227,2017-08-23,00:00:00
41.5067,-87.9631,2017-08-23,04:30:00
33.86895981220657,-117.54791830985916,2017-08-23,17:30:00
42.90550146611642,-78.85560749348393,2017-08-23,21:30:00
42.6626,-83.1837,2017-08-23,21:48:00
35.20391464346695,-80.83452070900073,2017-08-24,02:00:00
39.74019963011889,-104.97711054161162,2017-08-24,05:00:00
47.67811627329193,-117.38344844720498,2017-07-27,23:20:00
33.806,-116.4624,2017-07-28,00:41:00
34.14722788844622,-117.30732642762284,2017-07-28,10:13:00
33.91958564356435,-84.18897475247526,2017-07-28,11:00:00
40.60507291666666,-111.99772760416666,2017-07-28,16:00:00
44.5235988005997,-89.55720134932534,2017-07-28,19:25:00
43.0049,-96.4714,2017-07-28,22:00:00
41.88082154885885,-87.66846953246178,2017-07-28,22:30:00
26.607363356973995,-80.1262378250591,2017-07-28,23:25:00
43.06537645875252,-88.13127384305835,2017-07-29,20:30:00
34.09813175675676,-118.08913851351352,2017-07-29,21:00:00
42.29389354521625,-71.8033120249017,2017-07-29,21:15:00
44.8668,-93.5383,2017-07-29,21:20:00
35.64812086956521,-105.9435104347826,2017-07-29,21:30:00
33.3718,-96.9452,2017-07-29,21:30:00
47.5036,-116.749,2017-07-29,21:55:00
47.603223010752686,-122.17236688172044,2017-07-29,21:55:00
47.37895625,-122.220740625,2017-07-29,21:55:00
47.3168,-121.9958,2017-07-29,21:55:00
47.67811627329193,-117.38344844720498,2017-07-29,21:55:00
46.6382,-122.9658,2017-07-29,21:58:00
47.4233,-122.585,2017-07-29,21:58:00
46.921,-122.5938,2017-07-29,21:58:00
47.80130536912752,-122.20682348993287,2017-07-29,22:00:00
32.92833829296425,-97.25706805074972,2017-07-29,22:00:00
33.8734,-78.64930000000001,2017-07-29,22:00:00
41.1849,-75.386,2017-07-29,22:10:00
47.2666,-122.0342,2017-07-29,22:15:00
47.603223010752686,-122.17236688172044,2017-07-29,22:45:00
39.74019963011889,-104.97711054161162,2017-07-29,22:45:00
47.92492896341463,-122.2173375,2017-07-29,23:00:00
48.754420967741936,-122.45834543010751,2017-07-29,23:00:00
35.8440935483871,-80.28247379032257,2017-07-29,23:30:00
44.6661,-84.6936,2017-07-30,02:00:00
35.04807470119522,-85.24838386454184,2017-07-30,03:45:00
35.4937,-77.9625,2017-07-30,04:00:00
36.87154181034483,-76.27074676724138,2017-07-30,19:30:00
36.4198,-86.7946,2017-07-30,19:55:00
41.6703,-70.4163,2017-07-30,22:24:00
41.05763125,-75.150434375,2017-07-31,00:00:00
38.7253,-120.7966,2017-08-13,19:00:00
42.6287,-70.7818,2017-08-13,19:30:00
34.2679,-118.3399,2017-08-13,21:32:00
37.98183448275862,-121.79227586206898,2017-08-13,21:00:00
34.041311190233976,-80.97791691251273,2017-08-13,20:30:00
38.9157,-120.757,2017-08-13,22:01:00
33.50378574057038,-112.077080174793,2017-08-14,00:20:00
41.2205482051282,-73.05817897435898,2017-08-14,08:45:00
36.33741606022585,-119.29513381430364,2017-08-14,20:42:00
44.64194676258992,-123.09791798561152,2017-08-14,21:20:00
30.3167016280526,-97.75799137271272,2017-08-14,22:00:00
34.1121894117647,-84.52010941176471,2017-08-14,22:00:00
44.9241,-123.3248,2017-08-14,23:00:00
30.65759853479853,-97.72393424908424,2017-08-15,00:30:00
45.510005224458205,-122.66458212074302,2017-08-15,01:15:00
44.9929,-122.76590000000002,2017-08-15,17:00:00
41.1849,-75.386,2017-08-15,20:40:00
27.2366,-80.2271,2017-08-15,21:30:00
38.4037,-122.36369999999998,2017-08-15,21:30:00
36.02151851851852,-115.0508150097466,2017-08-15,21:40:00
26.631337131630648,-81.98813163064834,2017-08-15,22:33:00
39.1554,-88.3393,2017-08-15,23:00:00
37.9775,-100.8668,2017-08-16,03:00:00
40.38,-75.2718,2017-08-16,20:00:00
32.7808,-115.5627,2017-08-16,20:28:00
40.3348,-104.9238,2017-08-16,21:05:00
36.14597551358516,-115.18457488402916,2017-08-14,14:00:00
39.67145672955974,-104.79753396226415,2017-08-14,21:00:00
42.3594,-73.1203,2017-08-16,22:20:00
42.5181,-70.899,2017-08-14,21:30:00
41.72018630952381,-71.41607738095237,2017-08-16,22:00:00
33.66450056980057,-117.3415319088319,2017-08-17,01:00:00
40.69809929328622,-112.00020600706712,2017-01-15,08:00:00
45.2815,-93.4195,2017-02-11,21:50:00
28.00877654729869,-82.4813833471331,2017-04-18,00:45:00
43.63091346704871,-116.41447908309456,2017-05-04,18:30:00
40.2337,-105.3233,2017-05-10,20:15:00
34.9486,-86.59439999999998,2017-06-24,21:00:00
36.53557613843352,-82.53851511839709,2017-06-29,23:15:00
47.6635,-117.216075,2017-07-04,21:45:00
32.1111,-103.2015,2017-07-04,21:45:00
45.84859999999999,-119.2848,2017-07-04,22:15:00
35.5386,-82.7038,2017-07-04,22:18:00
42.4956357400722,-96.38234584837544,2017-07-05,00:00:00
44.0755,-116.9247,2017-07-05,00:00:00
39.99382762603116,-82.98248417965169,2017-07-08,01:30:00
29.49234812109108,-98.5189290376833,2017-07-08,05:15:00
38.9846,-119.1556,2017-07-09,02:00:00
34.1151,-83.5749,2017-07-09,04:30:00
43.0945,-75.5627,2017-07-12,23:00:00
42.851,-109.8592,2017-07-13,04:00:00
34.7612,-76.621,2017-07-13,21:05:00
43.6369,-88.7385,2017-08-07,05:30:00
42.9881,-72.1345,2017-08-07,09:00:00
34.9628,-97.7526,2017-08-07,10:42:00
34.11927871747211,-118.25968125774472,2017-08-07,13:17:00
22.0899,-159.3482,2017-08-07,20:49:00
45.5055,-91.7312,2017-08-07,22:15:00
42.4341,-94.3217,2017-08-07,22:03:00
34.00499798657717,-117.6824768456376,2017-08-08,03:00:00
40.9864,-74.1112,2017-08-08,06:53:00
39.2535,-86.6259,2017-08-08,10:21:00
41.14131019736842,-81.34449506578947,2017-08-08,10:30:00
34.49944426605504,-117.35860779816514,2017-08-08,19:30:00
34.71606653144016,-86.59605050709939,2017-08-08,20:30:00
38.6976,-90.3604,2017-08-08,21:00:00
42.9388,-71.1837,2017-08-08,21:00:00
30.27259411764706,-87.75941960784313,2017-08-08,21:15:00
45.510005224458205,-122.66458212074302,2017-08-08,22:00:00
38.8121,-94.534,2017-08-08,22:10:00
37.13844210526316,-82.85627631578947,2017-08-08,22:25:00
42.49202433460076,-83.01486121673004,2017-08-09,00:00:00
41.6358,-72.4668,2017-08-09,00:00:00
34.00499798657717,-117.6824768456376,2017-08-09,03:15:00
38.55224805194805,-121.73475194805197,2017-08-09,21:30:00
34.04364759232729,-118.29956048233046,2017-08-09,22:30:00
34.14986656050956,-118.44245891719744,2017-08-09,23:45:00
41.9478,-103.8006,2017-08-09,22:00:00
34.223596829971186,-84.1367204610951,2017-08-09,22:30:00
39.47102461538462,-77.9498346153846,2017-08-10,05:45:00
33.587727468785474,-111.8958216799092,2017-08-10,14:30:00
45.1293,-94.5276,2017-08-10,20:47:00
40.5827,-83.374,2017-08-10,22:30:00
42.4956357400722,-96.38234584837544,2017-07-03,23:30:00
33.5916,-92.8483,2017-07-03,23:30:00
26.016173684210525,-80.33297631578948,2017-07-04,17:00:00
30.01574193548387,-90.2510370967742,2017-07-04,20:30:00
39.74019963011889,-104.97711054161162,2017-07-04,19:00:00
40.7606,-72.9844,2017-07-04,20:40:00
38.798490367346936,-90.2933786122449,2017-07-04,21:00:00
28.51220019430052,-81.37852415803108,2017-07-04,21:00:00
31.229399999999995,-81.349,2017-07-04,21:00:00
41.88082154885885,-87.66846953246178,2017-07-04,21:00:00
35.46855529225908,-97.53461224328592,2017-07-04,21:00:00
39.53327810218978,-76.34373795620438,2017-07-04,21:30:00
39.7818,-77.747,2017-07-04,21:30:00
27.90595,-82.28720875486381,2017-07-04,21:30:00
40.7279,-73.5118,2017-07-04,21:30:00
44.3721,-92.035,2017-07-04,21:30:00
33.86895981220657,-117.54791830985916,2017-07-04,21:30:00
40.6357,-74.2527,2017-07-04,21:30:00
41.92435549450549,-70.64486428571429,2017-07-04,21:37:00
30.29747071057192,-81.63802726747545,2017-07-04,21:42:00
41.314,-81.6756,2017-07-04,21:42:00
39.070945406824144,-77.14350236220473,2017-07-04,21:45:00
45.5055,-91.7312,2017-07-04,21:46:00
26.99206595744681,-82.12517872340426,2017-07-04,21:50:00
47.765362352941175,-122.10830705882351,2017-07-04,21:55:00
40.7033,-73.6718,2017-07-04,22:00:00
40.75256378421113,-73.9844567179912,2017-07-04,22:00:00
34.011,-118.1145,2017-07-04,22:00:00
38.0405,-84.7293,2017-07-04,22:00:00
40.9049,-80.0679,2017-07-04,22:10:00
38.01202218828104,-84.4627418217162,2017-07-04,22:15:00
45.99787472118959,-112.595368401487,2017-07-04,22:23:00
36.19775070422536,-83.28353255086073,2017-07-04,22:24:00
38.01202218828104,-84.4627418217162,2017-07-04,22:30:00
39.74019963011889,-104.97711054161162,2017-07-04,22:30:00
38.95458203125,-77.3476439453125,2017-07-04,22:30:00
39.6882,-76.0492,2017-07-31,02:15:00
22.0899,-159.3482,2017-07-31,07:21:00
41.3596,-96.1566,2017-07-31,16:04:00
38.0847,-77.4399,2017-07-31,21:15:00
42.90550146611642,-78.85560749348393,2017-07-31,22:00:00
41.4054,-73.2572,2017-07-31,22:00:00
33.53165833333333,-81.70142870370371,2017-07-31,22:05:00
47.603223010752686,-122.17236688172044,2017-07-31,23:17:00
33.93092423698384,-117.23654811490124,2017-08-01,02:00:00
32.48244432717678,-84.95723575197889,2017-08-01,06:15:00
40.55097794729542,-74.46044036061026,2017-08-01,16:40:00
34.3768,-118.5208,2017-08-01,19:50:00
37.9143,-93.3977,2017-08-01,21:00:00
35.2447,-97.6229,2017-08-01,21:00:00
39.4239,-76.3514,2017-08-01,21:00:00
45.2897,-122.3219,2017-08-01,21:00:00
42.655690909090914,-82.90344545454545,2017-08-01,21:45:00
42.2680608490566,-89.06246297169811,2017-08-01,22:00:00
44.6117,-68.2403,2017-08-02,00:35:00
34.2183,-118.3718,2017-08-02,21:33:00
41.70124797297297,-71.1504918918919,2017-08-02,22:40:00
46.37320465116279,-116.88472945736434,2017-08-02,23:06:00
47.84,-118.4419,2017-08-02,23:55:00
29.13842879746836,-81.02779841772151,2017-08-03,21:40:00
40.516534328358205,-78.39917014925373,2017-08-03,22:15:00
42.5582,-114.4658701754386,2017-08-03,23:10:00
39.917123333333336,-77.64644333333334,2017-02-20,18:30:00
43.3784,-116.5457,2017-05-15,19:00:00
44.6939,-86.0384,2017-07-14,20:00:00
34.5752964544722,-118.1908773569702,2017-07-17,21:40:00
42.4125,-71.0034,2017-07-18,16:00:00
42.90550146611642,-78.85560749348393,2017-07-20,00:30:00
41.7465,-70.5914,2017-07-21,20:15:00
36.2862,-95.8227,2017-07-22,21:47:00
39.2454,-84.2537,2017-07-22,21:50:00
43.8233,-91.7566,2017-07-23,00:20:00
36.111605596107054,-95.93798929440388,2017-07-23,20:05:00
41.53309333333333,-72.80059523809524,2017-07-23,20:30:00
38.9479829105474,-92.33776742323096,2017-07-23,21:00:00
41.8847,-88.3028,2017-07-23,21:05:00
47.02310000000001,-122.2886,2017-07-23,21:58:00
44.1027,-69.8255,2017-07-23,22:00:00
39.55256666666667,-104.98473333333334,2017-07-23,22:05:00
39.488261177007296,-119.79257039233578,2017-07-24,01:35:00
43.639745431472086,-84.23679923857868,2017-07-14,20:39:00
38.794262913096695,-77.09885924112608,2017-07-14,21:40:00
42.099613379396985,-80.03725527638191,2017-07-14,22:00:00
30.29747071057192,-81.63802726747545,2017-07-14,22:30:00
27.638543902439025,-80.42037951219513,2017-07-15,01:45:00
41.4201,-122.3933,2017-07-15,03:30:00
45.9484,-110.6061,2017-07-15,03:50:00
47.7282,-116.9389,2017-07-15,21:00:00
40.304671428571424,-79.54185170068027,2017-07-15,21:40:00
37.9845,-122.1355,2017-07-15,22:00:00
34.94255902255639,-81.03261992481202,2017-07-15,22:00:00
46.3521,-94.1046,2017-07-15,22:15:00
33.51053191489362,-117.120514893617,2017-07-15,22:35:00
40.7961,-81.3798,2017-07-15,22:56:00
42.59719636363637,-82.93858272727273,2017-07-15,23:00:00
40.2337,-105.3233,2017-07-15,23:15:00
41.6551,-70.2945,2017-07-16,00:00:00
34.3306,-82.333,2017-07-16,01:00:00
37.2304,-95.7004,2017-07-16,03:00:00
39.07657828282829,-94.40636717171716,2017-07-16,03:30:00
34.14722788844622,-117.30732642762284,2017-07-16,04:30:00
40.75256378421113,-73.9844567179912,2017-07-16,10:20:00
40.75256378421113,-73.9844567179912,2017-07-16,10:20:00
41.3625,-72.0449,2017-07-16,13:00:00
40.46050000000001,-74.3039,2017-07-16,14:00:00
39.08346391304348,-108.5480495652174,2017-07-16,15:00:00
30.01574193548387,-90.2510370967742,2017-07-16,16:45:00
34.06627839285714,-84.26729642857143,2017-07-16,19:00:00
36.4198,-86.7946,2017-07-16,19:55:00
42.7287,-71.18340000000002,2017-07-16,20:07:00
37.28017795527157,-79.95790830670927,2017-07-16,21:00:00
42.48096666666667,-71.15629166666666,2017-07-16,21:30:00
45.510005224458205,-122.66458212074302,2017-07-16,21:40:00
43.065156853713006,-87.96295263819096,2017-07-16,21:45:00
39.9578,-112.1195,2017-07-16,23:00:00
33.290955743243245,-111.84674712837838,2017-07-16,23:00:00
37.28017795527157,-79.95790830670927,2017-07-16,23:21:00
38.8148,-82.229,2017-07-16,23:30:00
40.871,-73.051,2017-07-16,23:45:00
45.99787472118959,-112.595368401487,2017-07-04,22:35:00
41.7206,-122.6376,2017-07-04,22:51:00
43.568753114754095,-116.56108262295082,2017-07-04,23:00:00
39.5595,-95.138,2017-07-04,23:15:00
42.31585108695652,-83.21780543478262,2017-07-04,23:25:00
38.3378,-75.0873,2017-07-04,23:30:00
33.8001,-117.9949,2017-07-04,00:00:00
35.9599,-95.9935,2017-07-05,00:30:00
45.510005224458205,-122.66458212074302,2017-07-05,00:35:00
43.4361,-82.5499,2017-07-05,03:00:00
46.85839720430107,-96.82444838709678,2017-07-05,11:24:00
48.0304,-122.7683,2017-07-05,16:30:00
37.76960492572322,-122.42365559030492,2017-07-05,17:30:00
28.51220019430052,-81.37852415803108,2017-07-05,19:32:00
41.10134023154848,-85.14958408104197,2017-07-05,23:15:00
43.8437,-87.9782,2017-07-06,00:30:00
34.1121894117647,-84.52010941176471,2017-07-06,04:08:00
33.397444536082475,-111.92468515463918,2017-07-06,07:55:00
35.5549,-88.1353,2017-07-06,19:40:00
35.104863589743594,-77.07527128205129,2017-07-06,20:18:00
33.834235557331205,-117.88519912105474,2017-07-06,20:58:00
33.50378574057038,-112.077080174793,2017-07-06,21:25:00
33.3111,-116.6495,2017-07-06,21:40:00
42.0405,-92.9127,2017-07-06,22:00:00
43.06727005589566,-89.37563939313281,2017-07-06,22:30:00
45.79417254901961,-108.5628480392157,2017-07-06,23:24:00
43.53990000000001,-116.824,2017-07-06,23:26:00
33.9978,-83.71239999999999,2017-07-07,03:00:00
35.4936,-119.28130000000002,2017-01-01,12:00:00
42.47726735218509,-83.47882724935732,2017-06-10,21:23:00
34.6691,-77.0287,2017-06-13,22:30:00
44.5235988005997,-89.55720134932534,2017-06-15,19:30:00
36.3923,-105.5822,2017-06-27,12:00:00
38.2828,-122.4677,2017-06-29,22:00:00
41.2929,-72.526,2017-07-02,15:44:00
26.062,-80.3368,2017-07-01,22:00:00
37.19130910746812,-93.28695318761385,2017-07-03,20:00:00
34.53458842975206,-93.02565537190084,2017-07-03,21:00:00
35.20327674418605,-113.86765581395348,2017-07-04,04:28:00
38.286499613899615,-104.6427362934363,2017-07-04,21:00:00
39.74019963011889,-104.97711054161162,2017-07-04,21:38:00
30.14638380952381,-81.7518980952381,2017-07-04,21:40:00
35.46855529225908,-97.53461224328592,2017-07-04,21:45:00
42.90550146611642,-78.85560749348393,2017-07-04,22:00:00
34.04364759232729,-118.29956048233046,2017-07-04,22:48:00
41.190240625,-73.195140234375,2017-07-04,23:30:00
34.2119,-118.2301,2017-07-05,03:30:00
35.20327674418605,-113.86765581395348,2017-07-06,04:30:00
40.5662,-79.7078,2017-07-05,08:14:00
33.4314,-105.6776,2017-07-06,21:00:00
43.4361,-82.5499,2017-07-07,03:00:00
42.3695,-83.4769,2017-07-07,20:00:00
40.3633,-79.8633,2017-07-07,21:00:00
28.5836,-81.5324,2017-07-07,21:21:00
32.63566911764706,-117.02580294117648,2017-07-07,21:53:00
32.83618741746148,-117.16250519075568,2017-07-07,22:15:00
32.83618741746148,-117.16250519075568,2017-07-07,22:25:00
39.67027989690722,-75.72071108247422,2017-07-24,03:00:00
39.578431478770135,-105.02727086383602,2017-07-24,03:50:00
28.190701639344265,-82.74938032786885,2017-07-24,05:18:00
28.190701639344265,-82.74938032786885,2017-07-24,05:18:00
47.4797,-121.7505,2017-07-24,19:15:00
35.474,-80.8729,2017-07-24,21:09:00
27.35480054347826,-82.50858278985507,2017-07-24,22:00:00
42.6626,-83.1837,2017-07-24,23:00:00
47.7783,-90.3436,2017-07-24,23:50:00
37.0504,-93.3002,2017-07-24,23:50:00
38.9483,-90.9121,2017-07-25,02:00:00
44.90901635514019,-123.98888107476635,2017-07-25,03:45:00
32.9918,-80.1187,2017-07-25,04:00:00
43.52851947483589,-96.73377899343544,2017-07-25,04:47:00
40.75256378421113,-73.9844567179912,2017-07-25,05:15:00
37.68856580310881,-77.5423481865285,2017-07-25,20:00:00
42.3217,-79.57720000000002,2017-07-25,22:00:00
47.22041124620061,-122.45925030395138,2017-07-25,22:04:00
34.6215,-82.5146,2017-07-25,22:35:00
48.754420967741936,-122.45834543010751,2017-07-26,00:05:00
33.431,-93.87649999999998,2017-07-26,00:45:00
28.995,-98.4855,2017-07-26,01:00:00
32.414993396226414,-80.69812783018867,2017-07-26,03:45:00
33.50378574057038,-112.077080174793,2017-07-26,04:20:00
40.47984795321638,-86.14325087719297,2017-07-26,12:05:00
43.0939,-70.7404,2017-07-26,20:30:00
32.354139318885444,-106.7495773993808,2017-07-26,21:30:00
44.53576666666667,-73.19180238095238,2017-07-26,22:00:00
41.7762,-77.9567,2017-07-26,22:15:00
41.2384,-74.9332,2017-07-26,23:00:00
40.4242,-79.7658,2017-07-27,03:30:00
61.17820611028316,-149.86274426229508,2017-07-27,05:55:00
47.67811627329193,-117.38344844720498,2017-07-17,00:30:00
39.8349,-82.8044,2017-07-17,01:30:00
36.5792,-93.1263,2017-07-17,20:10:00
41.6742,-72.8694,2017-07-17,20:20:00
44.5231,-109.0756,2017-07-17,21:00:00
43.3211,-76.4034,2017-07-17,21:45:00
44.6707,-93.2588,2017-07-17,22:10:00
44.2504,-85.43,2017-07-17,23:00:00
40.745,-75.3199,2017-07-17,23:00:00
42.1113,-73.5526,2017-07-17,23:10:00
43.2497,-71.168,2017-07-18,00:15:00
28.51220019430052,-81.37852415803108,2017-07-18,01:05:00
41.784557627118645,-72.52648474576272,2017-07-18,05:00:00
34.2773,-118.5001,2017-07-18,05:10:00
38.56483381294964,-92.21101510791368,2017-07-18,07:00:00
42.0003,-88.1422,2017-07-18,13:00:00
40.3495,-111.8998,2017-07-18,18:00:00
32.6652,-95.70480000000002,2017-07-18,18:38:00
34.083794178082194,-118.135973630137,2017-07-18,20:30:00
31.656988461538457,-94.6112076923077,2017-07-18,21:25:00
45.3716,-122.7656,2017-07-18,21:40:00
46.9572,-122.454,2017-07-18,22:30:00
43.52851947483589,-96.73377899343544,2017-07-18,23:45:00
28.23786655052265,-82.32727990708479,2017-07-19,00:00:00
35.5886,-77.1452,2017-07-19,07:30:00
39.7077,-75.1139,2017-07-19,12:32:00
26.130387506148548,-80.22363615346778,2017-07-19,19:30:00
47.82752692307692,-122.27472403846151,2017-07-19,20:09:00
33.52016370967742,-104.44226854838708,2017-07-19,23:30:00
26.45425432525952,-80.11988166089967,2017-07-20,00:40:00
32.83618741746148,-117.16250519075568,2017-07-20,02:00:00
43.60549990147784,-116.2386509359606,2017-07-20,03:30:00
35.71439290429043,-79.80433531353135,2017-07-20,03:46:00
41.9511,-71.413,2017-07-20,04:35:00
38.0704,-78.9067,2017-07-20,06:00:00
41.1345,-96.2458,2017-07-20,13:18:00
42.50620165289256,-83.14750247933884,2017-07-08,00:45:00
33.137355102040814,-117.32090960884354,2017-07-08,01:30:00
46.0594,-118.3361,2017-07-08,02:35:00
26.0654,-80.2339,2017-07-08,03:11:00
41.202570129870125,-73.12647402597403,2017-07-08,03:30:00
41.2929,-72.526,2017-07-08,10:00:00
34.1121894117647,-84.52010941176471,2017-07-08,10:30:00
37.9408,-107.8243,2017-07-08,12:44:00
41.68663240875912,-81.33988773722628,2017-07-08,21:00:00
38.903287428571424,-77.26294857142857,2017-07-08,21:45:00
41.8917,-95.2384,2017-07-08,22:10:00
41.0265,-80.4679,2017-07-08,22:15:00
38.6523,-91.7749,2017-07-08,22:23:00
38.0405,-84.7293,2017-07-08,22:30:00
33.94545446076675,-117.40941580078824,2017-07-08,22:50:00
39.495717582417576,-104.80772490842492,2017-07-08,23:00:00
38.01202218828104,-84.4627418217162,2017-07-08,23:30:00
42.57794732142857,-83.02673035714285,2017-07-09,00:00:00
40.70897189097104,-111.8891066439523,2017-07-09,01:00:00
35.34884363636364,-82.45501636363636,2017-07-09,04:30:00
41.38109314720813,-83.65541725888325,2017-07-09,04:43:00
34.7487,-80.7595,2017-07-09,05:30:00
42.1648,-71.1379,2017-07-09,09:53:00
41.1472,-74.689,2017-07-09,12:45:00
43.7095,-121.5145,2017-07-09,16:00:00
41.8363,-72.5596,2017-07-09,18:45:00
42.4945,-71.0715,2017-07-09,20:15:00
40.3787,-76.2661,2017-07-10,00:30:00
39.31630966292135,-76.6205929588015,2017-07-10,04:00:00
40.1854,-77.4139,2017-07-10,11:00:00
33.8341,-78.6586,2017-07-20,21:00:00
39.488261177007296,-119.79257039233578,2017-07-20,21:30:00
38.442850156739816,-122.71911818181816,2017-07-20,21:45:00
38.2463,-93.7332,2017-07-20,22:32:00
34.09813175675676,-118.08913851351352,2017-07-20,23:00:00
39.99382762603116,-82.98248417965169,2017-07-20,23:25:00
33.6183,-80.2126,2017-07-20,23:30:00
38.64146332453826,-90.5524751978892,2017-07-21,04:20:00
28.90405620437956,-81.23807445255476,2017-07-21,22:00:00
42.7288,-71.3046,2017-07-21,22:15:00
39.34339128540305,-84.40091372549018,2017-07-21,22:32:00
39.08346391304348,-108.5480495652174,2017-07-22,19:00:00
33.93,-117.9477,2017-07-22,20:50:00
41.92435549450549,-70.64486428571429,2017-07-22,21:00:00
38.56483381294964,-92.21101510791368,2017-07-22,21:55:00
44.894,-94.3839,2017-07-22,22:45:00
47.92492896341463,-122.2173375,2017-07-22,23:00:00
42.5582,-114.4658701754386,2017-07-23,01:30:00
40.6188,-93.9301,2017-07-10,23:00:00
46.6324,-114.095,2017-07-11,00:20:00
36.111605596107054,-95.93798929440388,2017-07-11,01:00:00
38.97155177664975,-95.24955939086294,2017-07-11,01:47:00
38.138604920913885,-92.66541054481549,2017-07-11,01:50:00
37.65732343522562,-120.98715909752548,2017-07-11,03:00:00
33.481415080191624,-86.79047456779837,2017-07-11,14:00:00
42.939,-70.819,2017-07-11,21:51:00
32.8402,-104.4058,2017-07-11,22:30:00
37.2988838150289,-76.74654797687862,2017-07-11,23:15:00
35.476344,-108.761014,2017-07-12,03:50:00
44.9797,-85.2232,2017-07-12,04:00:00
32.354139318885444,-106.7495773993808,2017-07-12,10:15:00
33.57951360201511,-112.19445289672544,2017-07-12,19:05:00
48.7935,-97.7143,2017-07-12,22:30:00
40.21149485294117,-77.21112720588235,2017-07-12,22:38:00
34.115525373134325,-117.5834413982718,2017-07-12,22:50:00
26.103385714285714,-80.3942,2017-07-12,23:50:00
35.0228,-82.5133,2017-07-13,00:00:00
33.1909,-96.6198,2017-07-13,07:51:00
33.96784209078404,-84.02268390646492,2017-07-13,12:33:00
34.09813175675676,-118.08913851351352,2017-07-13,20:45:00
34.7221,-76.7543,2017-07-13,21:00:00
35.20391464346695,-80.83452070900073,2017-07-13,21:30:00
36.013,-84.2624,2017-07-13,22:02:00
44.5319,-122.8865,2017-07-13,22:44:00
41.5977,-73.8895,2017-07-13,23:00:00
33.290955743243245,-111.84674712837838,2017-07-14,04:00:00
45.510005224458205,-122.66458212074302,2017-01-17,17:00:00
33.50378574057038,-112.077080174793,2017-05-19,13:38:00
38.7126,-76.5316,2017-09-24,21:00:00
34.9701,-92.8436,2017-12-05,03:30:00
42.07930900473933,-71.03448436018958,2017-06-09,09:15:00
42.1968,-71.7644,2017-10-20,02:00:00
44.8544,-84.2923,2017-07-30,00:00:00
37.76960492572322,-122.42365559030492,2017-09-21,20:02:00
42.4945,-71.0715,2017-01-01,20:00:00
33.19316581196581,-111.53355213675214,2017-05-16,18:45:00
42.47409745762712,-70.95801101694916,2017-06-30,00:00:00
40.75256378421113,-73.9844567179912,2017-09-15,17:00:00
44.9241,-123.3248,2017-10-05,06:52:00
29.655391353996738,-82.3572735725938,2017-11-24,20:14:00
48.754420967741936,-122.45834543010751,2017-07-04,21:00:00
41.70539253731343,-72.67960895522388,2017-12-21,18:00:00
39.6688,-77.1723,2017-04-13,21:00:00
46.8272,-89.3498,2017-02-28,23:00:00
44.64194676258992,-123.09791798561152,2017-03-09,19:00:00
38.87714691753403,-104.76823722978384,2017-08-16,20:13:00
19.706,-155.0928,2017-11-13,15:00:00
40.4441,-75.345,2017-09-10,03:00:00
28.66402078651685,-81.49437977528089,2017-01-07,20:30:00
42.5463,-121.745,2017-04-30,04:25:00
33.44652650602409,-117.62985903614458,2017-05-26,23:00:00
44.94494771241831,-123.01479150326796,2017-06-12,19:30:00
40.6357,-74.2527,2017-07-04,21:15:00
41.5638,-73.7953,2017-08-06,08:00:00
39.61949342723005,-79.94673145539906,2017-09-02,22:00:00
33.51053191489362,-117.120514893617,2017-09-23,10:53:00
38.4037,-122.36369999999998,2017-09-26,20:00:00
44.2583,-93.0221,2017-09-30,00:00:00
33.9978,-83.71239999999999,2017-10-15,20:00:00
42.6955,-73.08,2017-10-18,10:40:00
39.99040941529236,-75.15250992503748,2017-10-20,20:00:00
31.34302612244898,-85.84425551020408,2017-10-30,19:00:00
39.74019963011889,-104.97711054161162,2017-10-31,02:30:00
39.0809,-76.559,2017-07-21,12:30:00
47.60567891170866,-122.33084005928434,2017-09-06,22:07:00
41.2205482051282,-73.05817897435898,2017-10-24,00:35:00
40.75256378421113,-73.9844567179912,2017-11-28,20:45:00
35.11963024462565,-89.9387742772424,2017-12-22,23:00:00
34.706,-112.0049,2017-01-30,14:00:00
45.9493,-118.3864,2017-01-30,19:08:00
33.57951360201511,-112.19445289672544,2017-01-31,06:15:00
41.6842,-71.2649,2017-02-03,01:00:00
40.60537410270569,-74.14595510767532,2017-09-03,20:00:00
40.3324,-80.585,2017-09-24,19:00:00
32.83618741746148,-117.16250519075568,2017-10-27,14:00:00
34.49944426605504,-117.35860779816514,2017-12-11,04:00:00
40.2459,-74.2813,2017-12-21,01:00:00
46.6569,-98.1941,2017-12-29,17:32:00
45.3479,-117.2074,2017-12-09,17:30:00
40.2993,-73.9891,2017-11-01,04:00:00
40.70897189097104,-111.8891066439523,2017-11-12,19:15:00
43.9526,-73.4665,2017-11-15,00:30:00
40.2459,-74.2813,2017-11-24,18:00:00
39.7306,-122.2586,2017-11-28,01:00:00
37.87089395348837,-122.27033581395348,2017-12-03,22:30:00
38.442850156739816,-122.71911818181816,2017-12-06,09:00:00
43.7615,-89.4539,2017-12-07,20:00:00
44.8468,-123.1901,2017-12-08,17:34:00
47.3114,-101.0116,2017-12-09,07:10:00
45.669527315914486,-111.1245971496437,2017-12-09,20:00:00
39.0813,-96.1868,2017-12-09,20:30:00
39.78466012861736,-89.66887813504823,2017-12-09,21:00:00
33.3284,-111.35020000000002,2017-12-11,19:05:00
41.67626237623762,-72.78862376237623,2017-12-12,18:00:00
43.04821654894046,-76.1627438950555,2017-12-15,20:30:00
35.40989387755102,-80.59519132653062,2017-12-18,17:30:00
42.09328095238095,-87.97988835978836,2017-12-19,08:43:00
35.162263157894735,-89.78008157894736,2017-12-20,12:00:00
44.84928011049723,-93.44251767955802,2017-12-20,19:00:00
39.5541,-84.6178,2017-12-20,21:20:00
45.79417254901961,-108.5628480392157,2017-12-21,02:25:00
32.72669649122807,-116.98917368421054,2017-12-21,17:35:00
40.9216,-75.3249,2017-12-21,17:50:00
45.48467525,-122.83428,2017-12-21,17:57:00
33.191063043478266,-117.23866811594203,2017-12-21,17:37:00
38.576237102734666,-121.44233422025128,2017-12-21,20:05:00
37.6749127388535,-121.88320063694268,2017-12-21,20:08:00
34.74032207792207,-92.36947217068644,2017-12-21,21:00:00
41.6047,-72.8813,2017-12-21,21:30:00
39.488261177007296,-119.79257039233578,2017-12-21,22:05:00
34.0862,-117.9641,2017-12-22,03:21:00
32.881,-109.2157,2017-12-22,16:00:00
34.04364759232729,-118.29956048233046,2017-12-22,16:38:00
34.04364759232729,-118.29956048233046,2017-12-22,17:00:00
33.4769,-117.7013,2017-12-22,17:00:00
47.32691379310345,-122.61801896551724,2017-03-25,18:00:00
40.4441,-75.345,2017-11-23,18:44:00
42.37550885416667,-83.11140946180555,2017-09-29,13:00:00
30.2781,-94.2167,2017-12-09,20:35:00
30.2781,-94.2167,2017-12-09,20:40:00
39.578431478770135,-105.02727086383602,2017-01-20,20:50:00
34.5818,-94.2212,2017-02-18,22:00:00
42.69096514548239,-73.8096951914242,2017-10-19,22:00:00
33.1909,-96.6198,2017-12-10,21:00:00
35.3584,-120.2596,2017-12-22,17:00:00
33.75064775357386,-117.8612944179714,2017-12-22,17:00:00
33.75064775357386,-117.8612944179714,2017-12-22,17:00:00
34.04364759232729,-118.29956048233046,2017-12-22,17:20:00
34.14722788844622,-117.30732642762284,2017-12-22,17:24:00
34.425198390151515,-118.5129646780303,2017-12-22,17:28:00
32.83618741746148,-117.16250519075568,2017-12-22,17:30:00
33.83592379227053,-116.53104963768116,2017-12-22,17:30:00
33.0313,-116.8579,2017-12-22,17:30:00
34.115525373134325,-117.5834413982718,2017-12-22,17:30:00
36.6217,-121.7935,2017-12-22,17:30:00
33.67701690929451,-117.78627312430012,2017-12-22,17:30:00
33.0313,-116.8579,2017-12-22,17:30:00
33.67701690929451,-117.78627312430012,2017-12-22,17:30:00
33.82888744460856,-118.31959209748892,2017-12-22,17:30:00
32.80027727272727,-116.9356928030303,2017-12-22,17:31:00
33.83592379227053,-116.53104963768116,2017-12-22,17:31:00
33.56408478260869,-117.22086956521738,2017-12-22,17:32:00
33.726170703764325,-116.37767184942716,2017-12-22,17:32:00
32.83618741746148,-117.16250519075568,2017-12-22,17:32:00
34.14722788844622,-117.30732642762284,2017-12-22,17:33:00
33.7518,-117.9932,2017-12-22,17:34:00
33.67757603375528,-117.98370194092828,2017-12-22,17:35:00
34.1227,-118.7573,2017-12-22,17:35:00
33.51053191489362,-117.120514893617,2017-12-22,17:35:00
33.12765962441315,-117.07881924882628,2017-12-22,17:35:00
33.734071974522294,-118.297023566879,2017-12-22,17:35:00
34.41814810810811,-117.308755984556,2017-12-22,17:35:00
36.97790689655173,-121.89418965517244,2017-12-22,17:36:00
33.191063043478266,-117.23866811594203,2017-12-22,17:37:00
33.78105065789474,-118.2619605263158,2017-12-22,17:38:00
33.67757603375528,-117.98370194092828,2017-12-22,17:38:00
33.368399999999994,-117.23370166666668,2017-12-22,17:38:00
34.1301,-117.2044,2017-12-22,17:40:00
34.06284248175182,-117.76457459854016,2017-12-22,17:40:00
33.73991977272727,-116.99763886363635,2017-12-22,17:40:00
34.1091,-117.7126,2017-12-22,17:41:00
34.84092861083744,-82.3644801182266,2017-01-19,18:09:00
44.3979,-83.9889,2017-04-30,21:00:00
39.0419009341637,-77.50029927713524,2017-06-24,14:13:00
38.3378,-75.0873,2017-08-04,22:00:00
40.75256378421113,-73.9844567179912,2017-08-21,14:44:00
46.371464,-96.725272,2017-10-27,21:12:00
34.71606653144016,-86.59605050709939,2017-11-14,21:00:00
34.7487,-80.7595,2017-12-21,21:00:00
34.7169,-83.6936,2017-12-09,20:03:00
34.1091,-117.7126,2017-12-22,17:41:00
34.02984860397588,-118.47355293723476,2017-12-22,17:45:00
33.85727920792079,-118.00185792079208,2017-12-22,17:45:00
34.18106166883963,-118.38596049543678,2017-12-22,17:45:00
33.7632,-116.4229,2017-12-22,17:50:00
34.04364759232729,-118.29956048233046,2017-12-22,17:50:00
32.5798,-117.1153,2017-12-22,18:00:00
27.98892239234449,-80.63985923444976,2017-12-22,18:00:00
33.51053191489362,-117.120514893617,2017-12-22,18:00:00
34.4981,-110.0814,2017-12-22,18:30:00
34.47572118226601,-114.25899408866997,2017-12-22,18:30:00
32.417513953488374,-111.21584883720932,2017-12-22,18:40:00
32.025,-110.0459,2017-12-22,18:40:00
33.40788678459938,-111.75088054110302,2017-12-22,18:40:00
33.50378574057038,-112.077080174793,2017-12-22,18:45:00
32.250178747846064,-110.93932423894314,2017-12-22,18:45:00
33.4228,-112.9528,2017-12-22,18:45:00
33.40788678459938,-111.75088054110302,2017-12-22,18:52:00
33.40788678459938,-111.75088054110302,2017-12-22,18:55:00
31.850150909090907,-111.0196309090909,2017-12-22,19:00:00
27.26301014492753,-80.87159565217392,2017-12-22,22:00:00
34.29932427184466,-110.0040291262136,2017-12-23,06:30:00
33.155,-91.9967,2017-12-23,11:42:00
42.5977,-88.753,2017-12-23,18:20:00
26.199315176470588,-81.71960788235295,2017-12-23,19:30:00
43.0203282051282,-83.71433948717949,2017-12-23,19:30:00
42.27631913946588,-83.73340163204747,2017-12-23,19:40:00
44.1968,-72.4976,2017-12-23,21:00:00
42.0078,-72.7362,2017-12-23,21:25:00
33.0562,-117.2688,2017-12-23,21:30:00
37.8989,-121.6054,2017-12-23,21:55:00
33.51053191489362,-117.120514893617,2017-12-24,16:00:00
34.14722788844622,-117.30732642762284,2017-12-24,16:17:00
38.60561007751938,-121.26596821705424,2017-12-24,17:30:00
31.47969661016949,-82.85146101694914,2017-12-24,18:16:00
33.726170703764325,-116.37767184942716,2017-12-24,18:15:00
27.5428,-82.5036,2017-12-24,19:00:00
40.444534542102026,-79.97341339889367,2017-12-24,20:15:00
42.1845,-72.3608,2017-12-24,20:30:00
61.17820611028316,-149.86274426229508,2017-12-25,01:00:00
36.3923,-105.5822,2017-12-25,15:30:00
43.11880939226519,-76.19088342541437,2017-12-25,17:30:00
33.290955743243245,-111.84674712837838,2017-12-25,18:15:00
47.818343589743584,-122.35088461538462,2017-12-25,19:00:00
32.900929696394684,-96.63741911764706,2017-12-25,19:00:00
34.224157641921394,-84.4539248908297,2017-12-25,22:15:00
40.1968,-88.3925,2017-12-26,03:00:00
37.24496252766711,-121.81799366976536,2017-12-26,10:55:00
43.18933647058824,-70.88559294117647,2017-12-26,18:08:00
41.76374653846154,-72.68602230769231,2017-12-26,17:55:00
41.3885,-73.0791,2017-12-26,18:30:00
37.24496252766711,-121.81799366976536,2017-12-26,20:00:00
34.71606653144016,-86.59605050709939,2017-12-26,20:30:00
44.5221520367183,-88.02955502008031,2017-12-27,07:15:00
25.94609304347826,-80.14043608695653,2017-12-27,17:39:00
39.8602,-74.8247,2017-12-27,19:10:00
42.90550146611642,-78.85560749348393,2017-12-27,21:00:00
30.0955,-81.7198,2017-12-27,21:30:00
41.3649,-71.9069,2017-12-27,23:48:00
41.14267502095557,-104.80770083822296,2017-12-28,03:00:00
35.117007033898304,-106.62212966101694,2017-12-28,04:37:00
43.0592,-73.7356,2017-12-28,06:15:00
40.5687,-74.3202,2017-12-28,06:25:00
38.87714691753403,-104.76823722978384,2017-12-28,15:48:00
41.3054,-73.1217,2017-12-28,15:50:00
32.83618741746148,-117.16250519075568,2017-12-28,16:00:00
40.57972326530612,-111.8400281632653,2017-12-28,18:00:00
43.242713559322034,-71.57803728813559,2017-12-28,18:45:00
34.511,-89.9187,2017-12-28,19:00:00
37.0602,-80.3226,2017-12-28,22:15:00
40.318475,-74.071875,2017-12-28,22:48:00
39.6341,-106.7588,2017-12-28,23:00:00
40.0242,-79.8846,2017-12-28,23:30:00
40.2920032,-76.8462408,2017-12-29,01:00:00
39.6498,-78.9357,2017-12-29,07:15:00
20.03712985074627,-155.76437313432837,2017-12-29,10:00:00
35.7109,-109.536,2017-12-29,13:00:00
35.83921354581673,-86.42067689243028,2017-12-29,19:30:00
40.986,-75.2436,2017-12-29,22:00:00
39.61949342723005,-79.94673145539906,2017-12-29,22:00:00
36.03550795454545,-95.78918181818182,2017-12-29,23:00:00
42.5884,-114.2518,2017-12-30,02:00:00
44.9947,-123.0147,2017-12-30,05:20:00
47.6517,-117.0838,2017-12-30,12:00:00
33.1321,-95.5925,2017-12-30,08:00:00
33.75064775357386,-117.8612944179714,2017-12-30,17:00:00
43.224,-85.5409,2017-12-30,17:30:00
39.495717582417576,-104.80772490842492,2017-12-30,17:45:00
27.98892239234449,-80.63985923444976,2017-12-31,03:17:00
27.28487070938215,-80.36743913043478,2017-12-30,22:30:00
47.2771,-119.53360000000002,2017-12-31,05:28:00
42.701780916030536,-89.04138835877863,2017-12-31,12:32:00
34.309307631389494,-83.83304398848092,2017-12-31,19:05:00
39.4395,-123.7683,2017-12-31,20:00:00
28.2178212244898,-81.61866346938776,2017-12-31,20:30:00
26.57449479326187,-81.84195007656969,2017-12-31,20:30:00
27.35480054347826,-82.50858278985507,2017-12-31,21:00:00
26.934425,-80.12717971698113,2017-12-31,22:00:00
35.36754774947328,-119.04930197280216,2017-12-31,22:15:00
33.40788678459938,-111.75088054110302,2017-12-31,23:00:00
37.7308,-120.9382,2017-12-31,23:57:00
25.94609304347826,-80.14043608695653,2017-12-31,23:58:00
42.57794732142857,-83.02673035714285,2017-01-18,01:32:00
35.903,-82.2876,2017-06-06,15:45:00
41.75665354107649,-88.15377082152975,2017-12-10,17:50:00
32.78889642857143,-108.27245357142858,2017-08-01,23:30:00
39.75959083665339,-121.8436545816733,2017-09-01,22:21:00
26.57449479326187,-81.84195007656969,2017-09-12,00:00:00
39.75959083665339,-121.8436545816733,2017-10-29,23:00:00
39.67145672955974,-104.79753396226415,2017-12-22,01:00:00
34.06627839285714,-84.26729642857143,2017-12-27,07:45:00
41.600167631851086,-93.61721323681488,2017-10-14,20:00:00
38.4987,-123.1974,2017-04-12,01:00:00
41.2929,-72.526,2017-12-13,17:45:00
32.03694655172414,-81.11708180076629,2017-02-14,19:30:00
39.488261177007296,-119.79257039233578,2017-06-06,10:00:00
43.43337093570308,-83.9834081547308,2017-06-13,23:05:00
41.600167631851086,-93.61721323681488,2017-08-13,05:00:00
41.64627098976109,-91.53341023890783,2017-11-08,18:30:00
39.3665,-86.0939,2017-12-28,16:00:00
43.6573,-103.4258,2017-07-24,00:00:00
38.67110000000001,-121.1495,2017-06-18,18:30:00
41.8361,-86.3737,2017-07-04,22:00:00
37.0418,-119.6806,2017-06-30,22:00:00
37.0418,-119.6806,2017-06-30,22:00:00
35.026500000000006,-110.6902,2017-08-20,12:00:00
38.6991,-104.7031,2017-08-21,12:00:00
42.272196577946765,-121.79880760456274,2017-06-24,22:00:00
38.22153870454997,-85.66253357838266,2017-08-21,14:20:00
32.26060405405405,-90.09036351351352,2017-10-11,00:00:00
30.3498,-87.1655,2017-12-15,23:00:00
29.90378012618296,-81.38834889589906,2017-11-15,01:00:00
61.57892189781022,-149.4223773722628,2017-01-20,22:00:00
30.57007252559727,-97.8675447098976,2017-03-19,22:30:00
40.55766183035714,-105.06998772321428,2017-09-01,17:42:00
42.29389354521625,-71.8033120249017,2017-11-15,21:00:00
35.79245151515152,-83.56729015151517,2017-09-23,21:30:00
33.4769,-117.7013,2017-10-17,20:30:00
38.35615050847457,-81.63888135593221,2017-03-18,13:20:00
47.619,-117.7036,2017-09-01,22:45:00
45.1302,-87.6262,2017-05-29,12:22:00
34.3657,-92.8118,2017-12-17,21:00:00
30.57007252559727,-97.8675447098976,2017-08-11,17:45:00
45.3894,-122.586,2017-10-24,21:08:00
44.9947,-123.0147,2017-07-04,20:00:00
33.315533774834435,-111.75197284768213,2017-12-31,00:00:00
27.28487070938215,-80.36743913043478,2017-10-16,03:00:00
46.22376719745223,-119.17250815286624,2017-01-05,16:00:00
26.57449479326187,-81.84195007656969,2017-02-13,23:00:00
38.87714691753403,-104.76823722978384,2017-06-12,23:00:00
35.30510660377358,-81.55423349056605,2017-07-15,14:00:00
39.09938979591836,-76.84664965986394,2017-08-01,00:00:00
38.87673432835821,-106.96178805970148,2017-08-06,00:00:00
47.1416,-119.2894,2017-10-12,13:24:00
39.488261177007296,-119.79257039233578,2017-11-19,22:00:00
39.75959083665339,-121.8436545816733,2017-12-31,18:00:00
29.86388725099601,-98.68238286852588,2017-06-30,09:00:00
38.90829803094233,-94.68816315049226,2017-10-16,21:00:00
43.2397,-73.8385,2017-06-17,02:00:00
38.3311,-112.9934,2017-06-20,11:00:00
34.443864516129025,-117.52197580645162,2017-12-02,19:00:00
37.9837,-107.3052,2017-09-21,21:00:00
36.17821444444444,-94.10371444444444,2017-08-01,00:00:00
37.08875227272727,-76.49560426136362,2017-11-29,19:30:00
27.459938979370254,-82.52817245747376,2017-08-01,01:00:00
34.1227,-118.7573,2017-11-18,01:50:00
42.29389354521625,-71.8033120249017,2017-12-26,23:10:00
28.11288460038986,-81.62408927875244,2017-11-18,19:00:00
38.1102,-85.7595,2017-09-10,22:19:00
32.250178747846064,-110.93932423894314,2017-11-24,07:43:00
43.613,-111.12359999999998,2017-09-26,00:00:00
38.576237102734666,-121.44233422025128,2017-07-28,20:50:00
41.5114,-90.434,2017-12-24,05:00:00
43.2108,-77.1498,2017-06-24,18:00:00
40.11620290237467,-88.26335751978891,2017-11-15,21:00:00
43.9106,-116.489,2017-04-17,22:00:00
38.01202218828104,-84.4627418217162,2017-06-30,05:00:00
32.2669,-98.8366,2017-12-19,05:00:00
39.73445726170668,-84.17540109341573,2017-07-06,21:41:00
40.1922,-75.4339,2017-12-20,16:50:00
43.573269696969696,-71.47784242424244,2017-06-26,23:00:00
33.67757603375528,-117.98370194092828,2017-02-14,06:45:00
40.09723974358974,-85.68219551282051,2017-02-17,01:00:00
46.87,-122.2723,2017-09-04,21:01:00
34.627,-79.6893,2017-10-09,21:00:00
33.7632,-116.4229,2017-07-01,13:00:00
37.96862570422535,-122.01062711267606,2017-02-18,18:36:00
39.80464175369887,-86.13773687989556,2017-07-04,13:00:00
38.62830352112676,-121.33068873239436,2017-11-22,04:44:00
38.576237102734666,-121.44233422025128,2017-11-22,16:44:00
38.62830352112676,-121.33068873239436,2017-11-22,16:44:00
39.00134038461538,-76.88783461538462,2017-04-17,13:00:00
40.52010333333333,-75.77548333333333,2017-07-20,03:00:00
38.62698880773583,-90.30702881390803,2017-09-11,02:00:00
40.1678,-80.2591,2017-09-25,22:00:00
35.81868,-80.89374465408804,2017-02-20,02:30:00
39.70973333333333,-105.12885,2017-12-07,22:00:00
43.15520328177257,-77.63365150501673,2017-05-20,15:00:00
38.260421301775146,-122.0728195266272,2017-07-25,21:00:00
47.37895625,-122.220740625,2017-09-27,02:00:00
38.9992,-110.1574,2017-12-09,20:31:00
46.4856,-93.6506,2017-09-01,23:00:00
29.28309785714286,-94.82716785714284,2017-10-26,23:00:00
47.818343589743584,-122.35088461538462,2017-12-05,19:30:00
28.08003514001807,-82.73475365853658,2017-02-12,18:03:00
40.81396480496454,-81.38704742907801,2017-06-12,01:30:00
34.22778777225831,-77.88318009170806,2017-12-01,15:00:00
37.1862,-113.0139,2017-11-26,03:00:00
38.969,-74.9167,2017-08-19,22:15:00
40.3913,-74.3247,2017-06-08,21:30:00
36.03550795454545,-95.78918181818182,2017-06-21,01:02:00
33.82100507315219,-84.42299163974918,2017-09-17,18:55:00
47.41990954773869,-120.30280854271358,2017-10-11,03:45:00
38.576237102734666,-121.44233422025128,2017-11-22,16:44:00
44.4891,-73.1871,2017-12-15,12:00:00
39.80464175369887,-86.13773687989556,2017-02-17,21:00:00
40.9131,-122.4085,2017-03-14,02:00:00
36.1598,-107.7664,2017-07-06,01:00:00
34.9251,-80.7278,2017-08-01,21:30:00
31.317,-93.7921,2017-10-10,12:01:00
33.71258733572282,-78.93877275985663,2017-01-27,02:29:00
41.3174,-122.324,2017-07-25,01:36:00
33.9854,-117.8972,2017-04-12,03:40:00
34.033882,-118.749014,2017-01-20,01:00:00
42.10873377976191,-76.86230982142857,2017-07-10,23:00:00
41.600167631851086,-93.61721323681488,2017-11-04,12:30:00
